sample_id,subtype_1,subtype_2,subtype_3
BA2392R,0.4763386331851161,0.23282126239207468,0.2908401044228092
BA2611R,0.47585919718266867,0.2328623235345103,0.2912784792828211
BA2506R,0.4766813157343238,0.23225474863565382,0.29106393563002236
BA2430R,0.4751652934735395,0.23361362343416897,0.2912210830922915
BA2448R,0.4760087053514357,0.23251739051743625,0.29147390413112795
BA2730R,0.4744415309141875,0.23314761899743713,0.29241085008837536
BA2845R,0.474999148315489,0.2340415398702555,0.29095931181425544
BA2326R,0.47454095720249256,0.23500607057570466,0.2904529722218027
BA2341R,0.47485788900873066,0.23465020984784463,0.2904919011434247
BA2612R,0.4741601664262439,0.23529676914702968,0.29054306442672645
BA2973R,0.4743489491717704,0.23465321211075124,0.2909978387174783
BA2390R,0.4754582737575074,0.23406051282686083,0.29048121341563177
BA3218R,0.4741949453429197,0.23534125830047128,0.290463796356609
BA3105R,0.47610607174693714,0.23239456316335266,0.29149936508971014
BA3402R,0.4757403445578912,0.2331322835271488,0.29112737191495996
BA3276R,0.4751296619826909,0.23304890691262137,0.2918214311046878
BA2409R,0.2881676398016697,0.2725254119898105,0.4393069482085198
BA3037R,0.3740742385849237,0.3493953291545758,0.27653043226050056
BA2496R,0.25560953692893673,0.29847979152543047,0.44591067154563285
BA2172R,0.30993274588707354,0.3222998453992311,0.3677674087136954
BA2865R,0.5029467866233657,0.20849269818802063,0.28856051518861375
BA2923R,0.30395026716834883,0.2642718526976948,0.4317778801339563
BA2751R,0.42924115669360413,0.2346446981747807,0.3361141451316152
BA2480R,0.3710753435811752,0.2846094013937008,0.34431525502512395
BA2286R,0.3470457139878585,0.26567041842714956,0.387283867584992
BA2922R,0.4616436180320099,0.23590408404477964,0.3024522979232104
BA2452R,0.4328544348448803,0.24392815222627698,0.3232174129288428
BA3379R,0.4302693631037959,0.23017027184317007,0.3395603650530341
BA2887R,0.4124024533228757,0.24080999722094593,0.3467875494561784
BA2712R,0.30101329209998023,0.2843147828084631,0.41467192509155654
BA2068R,0.39364359955122374,0.3274314165619253,0.27892498388685094
BA2236R,0.40578691325113125,0.2503272990106306,0.3438857877382382
BA2104R,0.24423006731710303,0.30915312112725435,0.44661681155564253
BA3124R,0.36712723771308026,0.3017461375958463,0.33112662469107335
BA3395R,0.29138116643628614,0.2917171949326407,0.4169016386310732
BA2921R,0.3173944366520402,0.3574154492247191,0.3251901141232408
BA2449R,0.4129194958076936,0.3031355254551048,0.28394497873720165
BA2003R,0.33907552461480694,0.3539267464561243,0.30699772892906874
BA2360R,0.478037049450861,0.21091454678113244,0.3110484037680066
BA2802R,0.3579523600061286,0.3157891601591363,0.32625847983473516
BA2235R,0.36600936063206074,0.24078796603588065,0.39320267333205866
BA2858R,0.22955054127628233,0.3999150728041671,0.37053438591955046
BA3038R,0.26219314319103343,0.28765442279563497,0.45015243401333166
BA3006R,0.46142704395242734,0.22207342288115084,0.3164995331664219
BA2245R,0.46915225096607865,0.22462032680051777,0.30622742223340355
BA2667R,0.3888699191608574,0.24432494565802407,0.3668051351811184
BA2239R,0.31263877919267585,0.2556803669450258,0.43168085386229826
BA2782R,0.2569555766385557,0.306587000087711,0.43645742327373327
BA2649R,0.36977378947943673,0.2716210127939674,0.3586051977265958
BA2488R,0.4090088321060331,0.23395892021403358,0.3570322476799333
BA2861R,0.38952593331865104,0.22962068556133272,0.38085338112001615
BA2909R,0.2748657725132338,0.29947065518528687,0.4256635723014793
BA2429R,0.3616874843936535,0.2802072809160384,0.358105234690308
BA2653R,0.2860058334166566,0.3434229009042789,0.37057126567906457
BA2134R,0.2409637320078954,0.32147938373087054,0.437556884261234
BA2947R,0.43013191624950253,0.2608961409921769,0.30897194275832063
BA2032R,0.3400104540355679,0.3668382212299207,0.29315132473451144
BA2162R,0.3053322916742263,0.28335120961340937,0.4113164987123642
BA2564R,0.23970100063434954,0.32728109615575657,0.4330179032098939
BA2597R,0.2770498869638455,0.4312922619069795,0.29165785112917497
BA3243R,0.33653545027254933,0.290801066866693,0.3726634828607577
BA2106R,0.454900227391512,0.26348145973233733,0.2816183128761506
BA2427R,0.21699988741064735,0.478292855751725,0.30470725683762767
BA2841R,0.365599268516977,0.33192542791128504,0.3024753035717379
BA2446R,0.2944450222143153,0.2858946125310808,0.4196603652546038
BA2645R,0.26562544720722814,0.4527470844060262,0.28162746838674557
BA2525R,0.37786691486663887,0.33589041424948635,0.28624267088387484
BA2876R,0.22959029195017827,0.4752733303125935,0.29513637773722823
BA2357R,0.23662134312240604,0.4400834779498955,0.3232951789276985
BA2546R,0.26648246828967886,0.2853344857126683,0.4481830459976529
BA2742R,0.2911895220896265,0.27694491283284867,0.43186556507752494
BA2316R,0.2802955962709675,0.27952584302909744,0.44017856069993516
BA2421R,0.24541432106041847,0.3685826879405664,0.38600299099901514
BA2087R,0.34654537364177534,0.30044951924649327,0.3530051071117314
BA2910R,0.409664574473212,0.29173886514395864,0.2985965603828294
BA2148R,0.20838134136144934,0.49193477861618284,0.29968388002236773
BA2063R,0.2997163358774077,0.3971443890401673,0.303139275082425
BA2329R,0.2634056477057176,0.28140759321432807,0.4551867590799543
BA3178R,0.4063625905530797,0.23557759856433663,0.35805981088258365
BA2072R,0.26610968325470363,0.2964746738274155,0.4374156429178809
BA3029R,0.3570076169022922,0.36671909575397194,0.27627328734373574
BA2733R,0.24891115529750732,0.436635137961894,0.31445370674059875
BA2995R,0.3164189103427389,0.39344189139762215,0.2901391982596389
BA2069R,0.3638546437770614,0.2521509674165115,0.383994388806427
BA2100R,0.2544266503147555,0.4618363445127814,0.2837370051724631
BA2681R,0.3034195112972791,0.28904478036526343,0.40753570833745745
BA2248R,0.41405714561566503,0.2822866670629395,0.3036561873213955
BA2832R,0.35830353647956265,0.26652121961477804,0.37517524390565926
BA2308R,0.3497938184904406,0.34450783063302365,0.30569835087653563
BA2413R,0.36277840433637387,0.33666043612137686,0.3005611595422493
BA2701R,0.23337736162450956,0.4061895161030692,0.3604331222724213
BA2634R,0.2845566605768834,0.34058426570865247,0.3748590737144641
BA2677R,0.2644410980678463,0.3339599496308728,0.40159895230128084
BA2937R,0.26284153511817226,0.3061533918890336,0.43100507299279406
BA2600R,0.24449514670940975,0.39458657034081496,0.3609182829497753
BA2019R,0.36093889996365625,0.2865631354901929,0.3524979645461508
BA2412R,0.25442069451909205,0.32209071706506237,0.42348858841584563
BA2334R,0.35896104095396797,0.31962540539967105,0.32141355364636104
BA2050R,0.3481636690424903,0.31162569974862714,0.34021063120888256
BA3230R,0.32675572740333875,0.2650256209356603,0.40821865166100096
BA2953R,0.30739894541886303,0.38567199555881904,0.306929059022318
BA2481R,0.34788425433451703,0.30737367781286973,0.34474206785261324
BA2731R,0.25480994417021874,0.35744737390472836,0.3877426819250528
BA2294R,0.33885695024065265,0.2956667220629444,0.365476327696403
BA2418R,0.4561543398960323,0.25582487377386565,0.28802078633010203
BA2816R,0.24480131494227597,0.43327122248484845,0.3219274625728755
BA2656R,0.43865939300563517,0.2669715946945365,0.29436901229982826
BA2814R,0.326072411772209,0.25167363912551804,0.422253949102273
BA2631R,0.45731947354917074,0.21117793734392898,0.3315025891069004
BA2023R,0.259352968992279,0.3009547419506551,0.43969228905706587
BA2375R,0.28737134984149076,0.3054205242579419,0.4072081259005673
BA2485R,0.5047073350270385,0.2150288582583516,0.2802638067146099
BA2455R,0.2911888509975419,0.3246194307019992,0.38419171830045884
BA2025R,0.3323611211462372,0.2624223481301891,0.4052165307235736
BA2636R,0.31159300173238647,0.32902761411636244,0.3593793841512511
BA2325R,0.2295069556643386,0.34288575861749526,0.42760728571816614
BA2169R,0.27198684823146513,0.4307038099561039,0.297309341812431
BA2156R,0.48392435825490737,0.2134600749676607,0.30261556677743184
BA2511R,0.2223692862596883,0.476650526230774,0.3009801875095378
BA2939R,0.4533419190176852,0.25723801409396396,0.2894200668883508
BA2168R,0.42307356142348373,0.2752766917316414,0.30164974684487483
BA2505R,0.2527231919566708,0.38273782722363986,0.3645389808196893
BA2860R,0.23932768611337013,0.3465210169699464,0.41415129691668334
BA2707R,0.2998493327702769,0.33895577570246527,0.3611948915272577
BA2871R,0.24982011858522596,0.36753589291589234,0.38264398849888176
BA2655R,0.25639261898625826,0.3909001902214438,0.352707190792298
BA2227R,0.46572995545025464,0.2616490633606542,0.27262098118909117
BA2125R,0.30080391362694653,0.28711290763409825,0.4120831787389551
BA2523R,0.4443078446054922,0.23922395626798293,0.31646819912652496
BA2603R,0.36301599297857345,0.23944521575638114,0.3975387912650455
BA2808R,0.344531979090002,0.3229484897135842,0.33251953119641386
BA2282R,0.2605346690789497,0.33248949901298075,0.4069758319080695
BA2482R,0.33630685454439974,0.25822085606949574,0.4054722893861046
BA2812R,0.3293638441306866,0.2763102888865357,0.3943258669827777
BA2822R,0.4042733172309607,0.24559850539960534,0.3501281773694341
BA2594R,0.2596659098711457,0.30365637590649497,0.43667771422235935
BA2747R,0.4468105944652682,0.24707883699098343,0.3061105685437483
BA2561R,0.4096373201946959,0.25255213619766886,0.3378105436076352
BA2567R,0.2537451115048305,0.4244059651053816,0.3218489233897879
BA2906R,0.43291815426022473,0.24113500782157576,0.3259468379181994
BA2956R,0.25230703602451704,0.45823254891280685,0.289460415062676
BA2474R,0.4039458471750008,0.2466317869347426,0.3494223658902566
BA2737R,0.3021943206533215,0.3396652138024969,0.3581404655441815
BA2110R,0.25898930304329926,0.3333733384598561,0.40763735849684446
BA2992R,0.2311604810678511,0.44124289838318703,0.3275966205489618
BA2220R,0.3465074680952544,0.2770331333536531,0.3764593985510925
BA2772R,0.40199670164839635,0.28593113633269857,0.3120721620189052
BA2935R,0.27996208254153876,0.34654861686373767,0.3734893005947237
BA2260R,0.2525386327898579,0.3199910952641961,0.42747027194594595
BA2676R,0.35130598073775127,0.2659949504518629,0.38269906881038596
BA2948R,0.2267462467552354,0.42194076669315844,0.3513129865516061
BA2524R,0.21479069076585902,0.45496372934678886,0.33024557988735204
BA2811R,0.3633387230011815,0.2652584094072661,0.37140286759155244
BA2540R,0.4002184015911523,0.27682377838012445,0.32295782002872336
BA2928R,0.3959452574381564,0.23609353024921934,0.3679612123126243
BA2302R,0.3227350061482397,0.3949734247279691,0.2822915691237911
BA2595R,0.2834181013867513,0.3841844555360799,0.33239744307716884
BA2792R,0.33435569137933,0.27459964718131247,0.3910446614393576
BA2651R,0.37996708026131104,0.3363864526156356,0.28364646712305336
BA2619R,0.3256385928771508,0.2809657789375589,0.3933956281852902
BA3013R,0.37080728296888765,0.26334517906275223,0.36584753796836017
BA2405R,0.3841530664225361,0.29582439788906467,0.3200225356883992
BA2735R,0.33534129734154283,0.37207095618125074,0.29258774647720637
BA2856R,0.2335053148126932,0.4778744617461748,0.288620223441132
BA2377R,0.2942502694650663,0.37631584465099266,0.3294338858839409
BA2499R,0.2676484945923699,0.41033249915047715,0.322019006257153
BA2463R,0.2974083941281446,0.366254267573547,0.33633733829830836
BA3023R,0.2928817347141175,0.3966073775308918,0.31051088775499064
BA2095R,0.39925969736981026,0.2526573137884137,0.3480829888417761
BA2901R,0.2228205329345735,0.42864070858270714,0.34853875848271937
BA2275R,0.3325956213758761,0.2677174248134762,0.39968695381064767
BA2387R,0.4519149561965545,0.23124374855776375,0.3168412952456818
BA2962R,0.39677162559461365,0.2512703618763051,0.35195801252908127
BA2195R,0.2119904091370578,0.4672786987019441,0.32073089216099804
BA2688R,0.23208199828696197,0.4681342840979553,0.2997837176150827
BA2787R,0.25038309610054654,0.3383669625840147,0.4112499413154388
BA2420R,0.3913712144317777,0.2409586088023455,0.3676701767658769
BA2756R,0.40016138436032267,0.30388818951202407,0.2959504261276533
BA2122R,0.2023716251226086,0.48355406137337964,0.3140743135040117
BA2053R,0.22074898519453637,0.46191320380479717,0.3173378110006665
BA2080R,0.37497010197147074,0.3324927675479296,0.2925371304805996
BA2081R,0.28286662567564,0.3080480224282355,0.4090853518961245
BA2354R,0.39464176406993673,0.2424281257531495,0.36293011017691384
BA3273R,0.316107031835084,0.4018904170340426,0.28200255113087347
BA2893R,0.4665543500881368,0.2413622452599201,0.2920834046519431
BA2044R,0.3463275711037587,0.24521367675215686,0.40845875214408445
BA2489R,0.23511626644752517,0.46982374889122225,0.29505998466125255
BA2309R,0.3449824729763092,0.28688471917775477,0.3681328078459361
BA2720R,0.32339469557667877,0.3564728296334995,0.32013247478982165
BA2908R,0.47197105305665593,0.2253637366592492,0.3026652102840948
BA2054R,0.304853848739,0.2744857124329815,0.4206604388280185
BA2872R,0.2871965612105493,0.2693416278641583,0.4434618109252923
BA2526R,0.37394236791577795,0.3231282528916474,0.30292937919257457
BA2041R,0.2836443983035163,0.4123399598126631,0.3040156418838206
BA2464R,0.4146057539386436,0.24115153480597526,0.3442427112553812
BA2902R,0.34138133916085484,0.37106358759816754,0.28755507324097757
BA2541R,0.4403582176784387,0.20990434964366178,0.34973743267789953
BA2143R,0.22152563131399555,0.43649920359736755,0.34197516508863696
BA2094R,0.3911072189140031,0.24054433573879205,0.3683484453472048
BA2769R,0.2676768862270254,0.3622429071847408,0.3700802065882339
BA2843R,0.40028158321385243,0.30837081224431856,0.2913476045418289
BA2592R,0.26363791041490314,0.42887962753047687,0.30748246205462004
BA2497R,0.29167057770478666,0.28353902016570925,0.42479040212950414
BA2718R,0.48852069849890467,0.21254119017700773,0.2989381113240876
BA2575R,0.2496273057302597,0.29172430948649036,0.45864838478324976
BA2096R,0.29218922945970255,0.34763502901659366,0.3601757415237037
BA2593R,0.43867334771978667,0.2440637576745925,0.31726289460562096
BA2791R,0.3519591069467358,0.3165996719448357,0.3314412211084286
BA2620R,0.2582004172951772,0.3083661023276118,0.433433480377211
BA2629R,0.45618352203374674,0.23449632458510286,0.30932015338115043
BA2870R,0.44393173962083915,0.22915856971896714,0.32690969066019376
BA2423R,0.22692317721631067,0.3922283117506314,0.380848511033058
BA2682R,0.3320864911674348,0.30435578638420285,0.36355772244836226
BA2276R,0.32076050369026954,0.2913313484504918,0.3879081478592387
BA2348R,0.20302890748062102,0.444191054456505,0.35278003806287406
BA2709R,0.2232769803261177,0.38386860107650134,0.39285441859738096
BA2789R,0.5098525436924042,0.20687221424602353,0.2832752420615724
BA2694R,0.2797442699562208,0.41445322631400383,0.3058025037297753
BA2538R,0.3444049259879773,0.3385581301467582,0.3170369438652645
BA2583R,0.32993504437342863,0.3245047138318658,0.34556024179470557
BA2415R,0.30812670888372273,0.2668774486134832,0.4249958425027941
BA2722R,0.3243228754433962,0.2855116347253789,0.3901654898312249
BA2806R,0.40722748448123747,0.27403727647743525,0.3187352390413274
BA2221R,0.23361423788105976,0.3705107155834289,0.39587504653551137
BA3025R,0.4973093947122296,0.20523351333702647,0.2974570919507438
BA2514R,0.25640280290046197,0.44064534872397365,0.30295184837556444
BA2520R,0.3878358236581926,0.2920233970466307,0.3201407792951768
BA2441R,0.3879617636877852,0.25748674018303624,0.3545514961291787
BA2153R,0.4489573828196573,0.23309110229284505,0.3179515148874977
BA2479R,0.33674795827227927,0.3639488711543343,0.2993031705733864
BA2281R,0.3999887562467179,0.25189007498180527,0.3481211687714768
BA2657R,0.24562650057281976,0.30838236283536385,0.4459911365918163
BA2932R,0.5085357964554961,0.19738055583733238,0.29408364770717155
BA2123R,0.354317179559869,0.3261971084242526,0.31948571201587833
BA2844R,0.37664475947843645,0.3048597595148737,0.31849548100668984
BA2660R,0.3332476430168074,0.24803298465658496,0.4187193723266075
BA2836R,0.3317642310928558,0.3552888804324393,0.3129468884747049
BA3027R,0.21153430463491094,0.4613860494199407,0.32707964594514827
BA2714R,0.3342263629728273,0.253099911016777,0.41267372601039565
BA2139R,0.2689827351550805,0.28111957145415495,0.4498976933907645
BA2251R,0.48091890692423594,0.21694891547472292,0.30213217760104116
BA2952R,0.36786498517180805,0.246265629358134,0.38586938547005806
BA2440R,0.22967204909780914,0.42251473246486665,0.34781321843732416
BA2036R,0.46631202891352597,0.23238964999543954,0.3012983210910345
BA2828R,0.23673034541930313,0.3627562491596539,0.40051340542104313
BA2292R,0.3285543291685651,0.32533694359829257,0.3461087272331424
BA2410R,0.3924094538751643,0.31125988465648746,0.2963306614683483
BA2051R,0.19790587313083147,0.5023080235290373,0.29978610334013134
BA2532R,0.31895334408173254,0.367451175337145,0.31359548058112247
BA2986R,0.4367110868317499,0.23743712565533284,0.3258517875129171
BA2494R,0.24304031355039243,0.4687132457619647,0.28824644068764277
BA2515R,0.24542719065123678,0.4448026572442972,0.30977015210446607
BA2748R,0.46065407948595904,0.2229375010400288,0.31640841947401216
BA2970R,0.24180274513175817,0.431898264136292,0.32629899073194973
BA2622R,0.28171618211103094,0.3067822344262295,0.4115015834627395
BA2839R,0.3060432886115701,0.3898045862797895,0.30415212510864037
BA2052R,0.2514182896135335,0.4442201455571265,0.30436156482933996
BA3011R,0.290451257860485,0.39766217722076674,0.31188656491874817
BA2868R,0.47596653301665365,0.21103718239810193,0.3129962845852444
BA2510R,0.3917166105972784,0.27404233202707656,0.3342410573756451
BA2065R,0.42138087061465646,0.23360208826963022,0.34501704111571335
BA2691R,0.25374207845475333,0.3194750682171712,0.4267828533280755
BA2374R,0.38243243854888165,0.26248781139439553,0.3550797500567229
BA2804R,0.28744652072502497,0.3319269454398744,0.38062653383510076
BA2670R,0.2116013438772181,0.45364605835874355,0.3347525977640383
BA2675R,0.45133022096407793,0.21595817082087182,0.33271160821505036
BA2589R,0.21916132709114858,0.5017345246279794,0.27910414828087193
BA2031R,0.4029080490706008,0.22955810289595432,0.36753384803344497
BA2198R,0.40781197636347233,0.23047979041084565,0.36170823322568213
BA2066R,0.3740064606027784,0.24014962902942003,0.38584391036780147
BA2344R,0.372374127982535,0.26065646663603287,0.36696940538143225
BA2459R,0.2428373932309143,0.45310252456505307,0.3040600822040326
BA2229R,0.24763972540936244,0.4610049333105913,0.2913553412800463
BA2559R,0.21080479189170803,0.4840905106711362,0.30510469743715574
BA2093R,0.39837670625549615,0.2676061989935664,0.33401709475093744
BA2000R,0.42285162270643456,0.22209580090566258,0.3550525763879029
BA2425R,0.3300917477603149,0.3150030164695973,0.35490523577008776
BA2905R,0.28344260196264454,0.4295776623894779,0.2869797356478775
BA2304R,0.2668537019024902,0.2760534901478508,0.45709280794965906
BA2976R,0.276532417887078,0.29820476683607666,0.4252628152768454
BA2386R,0.3440057724618216,0.3679681967120536,0.2880260308261247
BA2035R,0.48862310918963575,0.22724057215010635,0.2841363186602579
BA2760R,0.20349392832125124,0.4548382240558884,0.3416678476228605
BA2201R,0.34415767163818883,0.2497428391324152,0.406099489229396
BA2355R,0.2540185994844204,0.47562225229242205,0.2703591482231576
BA2113R,0.37260738221294604,0.25255757998201644,0.3748350378050375
BA2155R,0.4024239965745088,0.3093284414702896,0.2882475619552017
BA2955R,0.2753005681198875,0.2944558858833051,0.4302435459968074
BA2502R,0.27953571455196496,0.3058866163980155,0.41457766905001947
BA2322R,0.2484782323284117,0.37992725375642156,0.37159451391516674
BA2376R,0.3052411837023163,0.2565001793855875,0.4382586369120962
BA2020R,0.4504422209016888,0.23078608675742862,0.3187716923408825
BA2226R,0.3334357580612807,0.24977102614843658,0.4167932157902828
BA2200R,0.4478129694357812,0.23157511351109847,0.3206119170531204
BA2121R,0.32642779391470417,0.28175573642226676,0.391816469663029
BA2944R,0.4399215740982071,0.2295644521630424,0.3305139737387505
BA2033R,0.19278554838902554,0.48686632287262893,0.3203481287383455
BA2867R,0.24118034059683066,0.46149774077582956,0.2973219186273397
BA2089R,0.28568259557455733,0.2945907290639956,0.4197266753614472
BA2224R,0.3437939041908718,0.28202964011241843,0.37417645569670965
BA2046R,0.34304405355264933,0.3730287412289476,0.2839272052184031
BA2972R,0.4273348979283883,0.2646728169377536,0.3079922851338581
BA2978R,0.25498149156525035,0.3004720274025801,0.4445464810321696
BA2829R,0.3501721159047931,0.27277933680934824,0.3770485472858586
BA2851R,0.4460165129015212,0.22565489052189178,0.328328596576587
BA2587R,0.2803751020453714,0.2948892665846001,0.4247356313700286
BA2461R,0.23235145300957755,0.3448358188551169,0.42281272813530557
BA2695R,0.21220484702707781,0.4822676867085908,0.3055274662643314
BA2623R,0.33347821624918916,0.291319843057193,0.3752019406936179
BA2024R,0.2713094624858542,0.3324905221755044,0.39620001533864135
BA2426R,0.23685350781178205,0.3942461413943465,0.3689003507938714
BA2271R,0.33042612990843556,0.27896327830458567,0.3906105917869788
BA3004R,0.44839711428738943,0.24368295077941332,0.3079199349331972
BA2579R,0.34756088452900447,0.28402689488006777,0.3684122205909278
BA3010R,0.29947714135109044,0.2848792562778247,0.415643602371085
BA2662R,0.2927160489349889,0.2750012511630942,0.4322826999019168
BA2674R,0.44166482150865954,0.2434764027026857,0.3148587757886546
BA2280R,0.41818913076074493,0.24700675787089946,0.33480411136835564
BA2512R,0.28217901345554663,0.2695848660915928,0.44823612045286054
BA2658R,0.33168913627163493,0.2832394006247147,0.3850714631036503
BA2394R,0.33975676188780135,0.2864935943249313,0.3737496437872674
BA2950R,0.3134033044999719,0.32039413205252476,0.36620256344750335
BA2981R,0.24306389685571345,0.45805902485084865,0.29887707829343785
BA2934R,0.24745157386821168,0.40829233576861407,0.34425609036317417
BA2539R,0.24505645828237183,0.3220912949020449,0.43285224681558326
BA2249R,0.36720793892186104,0.24877360153279618,0.38401845954534286
BA2034R,0.4703358544014065,0.22585050256675643,0.303813643031837
BA2109R,0.21856072247391334,0.4299738303277684,0.3514654471983183
BA2242R,0.4556710071604706,0.26448511225535637,0.27984388058417303
BA2277R,0.4383114052129734,0.23206807905165275,0.32962051573537376
BA2727R,0.4319621470810916,0.25018515008705383,0.31785270283185457
BA2132R,0.32447688784820267,0.3786145144648253,0.296908597686972
BA2618R,0.3370596317118631,0.25828963325918425,0.4046507350289526
BA2521R,0.34544455075290204,0.24333628741097937,0.4112191618361186
BA2846R,0.44402279625633584,0.24860164031709853,0.3073755634265656
BA2885R,0.2662018693068717,0.2898473173145839,0.44395081337854436
BA2639R,0.3585649470480995,0.2613667508590283,0.3800683020928723
BA2775R,0.4218044116182227,0.23786759006566538,0.3403279983161118
BA2402R,0.31995136125510465,0.3207709712031776,0.35927766754171775
BA2097R,0.30901476084666946,0.36145885222721064,0.32952638692611996
BA2786R,0.33646280425799396,0.2763328151009626,0.3872043806410435
BA2399R,0.4676969133746192,0.23033854023505118,0.30196454639032966
BA2850R,0.42749575418034097,0.26800051933596514,0.30450372648369395
BA2174R,0.2549195545763999,0.3000157947543772,0.44506465066922296
BA2004R,0.28861721734204765,0.32230044575450667,0.3890823369034457
BA3001R,0.5174337165012219,0.20921872786826032,0.2733475556305177
BA2311R,0.257660204047725,0.30401942018271777,0.4383203757695573
BA2483R,0.3913088011429873,0.2372294538510418,0.37146174500597096
BA3040R,0.33305470246545144,0.29960143833950514,0.3673438591950435
BA2837R,0.2983887753035384,0.33693689580670205,0.3646743288897596
BA2724R,0.2277712280248229,0.4001675546895122,0.37206121728566494
BA2911R,0.5031003900292333,0.20767396336148405,0.2892256466092826
BA2256R,0.42461559523991643,0.2682402214805125,0.30714418327957094
BA2821R,0.39593827031162077,0.24452508101208623,0.359536648676293
BA2233R,0.4650673290692097,0.26683500829062595,0.2680976626401643
BA2744R,0.4997224318711989,0.20633069071595678,0.2939468774128443
BA2880R,0.24796842624431228,0.33163782566925515,0.42039374808643265
BA2621R,0.2557060955999071,0.34592094194128653,0.3983729624588063
BA3002R,0.3753428054666682,0.2437359115381964,0.38092128299513545
BA2501R,0.39281346064492895,0.24615290972366027,0.3610336296314106
BA2993R,0.4070993277518539,0.26800693354233435,0.3248937387058117
BA2301R,0.22595906874374597,0.441927485336174,0.33211344592008
BA2852R,0.26000692604895803,0.4363486079170792,0.3036444660339627
BA2133R,0.249226192990147,0.4505279884447469,0.30024581856510607
BA2866R,0.3355082121422003,0.31601915414631926,0.3484726337114805
BA2212R,0.26996484041673496,0.40710783514697185,0.3229273244362932
BA2685R,0.2790360811739785,0.40550715851745506,0.3154567603085665
BA2273R,0.26810401712429965,0.4231143733775919,0.3087816094981085
BA2477R,0.427090134577756,0.22347644844323913,0.34943341697900476
BA2659R,0.2511289316771581,0.3158650967973999,0.43300597152544207
BA2124R,0.495788748430885,0.22607695830888358,0.27813429326023137
BA2363R,0.2743975066169051,0.2977679729533656,0.4278345204297293
BA2369R,0.2296248735007258,0.44738424353538575,0.3229908829638885
BA2534R,0.46235040998118093,0.22559473212336004,0.3120548578954589
BA2400R,0.47951653634136227,0.220115991419676,0.30036747223896165
BA2762R,0.35540632665860417,0.33068002080608727,0.3139136525353086
BA2312R,0.36227292313939174,0.2935393034362569,0.3441877734243514
BA2813R,0.42343951971010874,0.2721562634186365,0.3044042168712548
BA2211R,0.454148129308824,0.2426451406519577,0.30320673003921833
BA2171R,0.44752573574031757,0.24360251184727338,0.30887175241240905
BA2746R,0.24725053485822943,0.31775864332375264,0.43499082181801785
BA2798R,0.2699737772350029,0.4276202416718283,0.3024059810931687
BA2809R,0.4514470372516051,0.2359714173623495,0.31258154538604543
BA2288R,0.2620597876072505,0.43941401251980056,0.2985261998729491
BA2801R,0.2406056408615905,0.3869343558502042,0.3724600032882052
BA3030R,0.3167911515664511,0.26373314803166703,0.41947570040188187
BA2588R,0.40138148325051654,0.26948901231954436,0.32912950442993916
BA2296R,0.40919686480171347,0.23776620438567336,0.3530369308126131
BA2300R,0.3747090331309054,0.2519656036785091,0.3733253631905854
BA2903R,0.21050288676987258,0.4402450123795849,0.3492521008505424
BA2473R,0.3753235873910769,0.32027449850747025,0.30440191410145284
BA2545R,0.3206274216684723,0.2614731969208166,0.4178993814107111
BA2840R,0.31885301283393575,0.34342868382153724,0.337718303344527
BA2528R,0.3776605918101504,0.26421235370512197,0.35812705448472754
BA2646R,0.4164177097235421,0.24200907928502616,0.3415732109914318
BA3407R,0.20583626531683744,0.48600323871302487,0.3081604959701376
BA2240R,0.43880877257938916,0.22489357039967384,0.336297657020937
BA2926R,0.428258552520765,0.2334610496411763,0.3382803978380587
BA2272R,0.3388228029194202,0.2554373735055097,0.4057398235750701
BA2306R,0.35044208372726754,0.26968574299205467,0.37987217328067774
BA2765R,0.2733625070713589,0.2992379137659389,0.4273995791627023
BA2904R,0.3098688539947181,0.299664768410822,0.39046637759445996
BA2883R,0.2525659712279724,0.46941101578660205,0.27802301298542537
BA2726R,0.26396308932338836,0.3007876013689632,0.43524930930764844
BA2234R,0.31101251127524593,0.2573286289135591,0.431658859811195
BA2022R,0.38980791566302997,0.2561280751030828,0.3540640092338872
BA2228R,0.21527410829231858,0.46941497800808285,0.31531091369959857
BA2037R,0.3611589895260445,0.2635684074303838,0.37527260304357163
BA2184R,0.4942658172309852,0.21199623138748377,0.293737951381531
BA3009R,0.3341098537122944,0.306970514054058,0.35891963223364753
BA2842R,0.19031087807283553,0.4850415051187832,0.32464761680838145
BA2442R,0.4032664118073555,0.23746390143808627,0.3592696867545582
BA2882R,0.23214038242491258,0.3277965990650692,0.44006301851001817
BA2758R,0.25364652634174106,0.3660720007822051,0.3802814728760538
BA2705R,0.24976914640702844,0.4416467170332696,0.30858413655970207
BA2663R,0.2133002496222342,0.396789268214309,0.3899104821634568
BA2570R,0.31876270950579216,0.33801833170790546,0.3432189587863024
BA2764R,0.2511396673837263,0.4051620337283278,0.3436982988879459
BA2209R,0.28651109988518436,0.42830023758940616,0.2851886625254096
BA2989R,0.2515317113132079,0.4613207668598095,0.2871475218269826
BA2855R,0.19543773308055457,0.4845100816307959,0.32005218528864965
BA2261R,0.21067517467520078,0.44194538507572906,0.34737944024907025
BA2721R,0.28996106486484596,0.2746996338346059,0.4353393013005481
BA2930R,0.2616058933692294,0.30859911003429674,0.42979499659647386
BA2728R,0.26084340423914426,0.300705817182026,0.43845077857882975
BA2715R,0.213067898612312,0.47415064355312064,0.31278145783456734
BA2469R,0.27797087715512253,0.41812754558354115,0.3039015772613364
BA2269R,0.20046959851715282,0.4857099770903412,0.313820424392506
BA2098R,0.27786577086231123,0.29526836973783194,0.4268658593998568
BA2778R,0.24024578613866057,0.30934580156561026,0.45040841229572903
BA2951R,0.41967708282696103,0.23881929666453172,0.34150362050850713
BA2163R,0.3503788959795297,0.27759921059776704,0.37202189342270325
BA2379R,0.19195153197449624,0.4786820292113192,0.32936643881418465
BA2817R,0.2530965866212949,0.4414956231403131,0.3054077902383921
BA3153R,0.35549984480059765,0.349586156449929,0.29491399874947316
BA2820R,0.30301520686413896,0.2503564221557537,0.4466283709801074
BA2723R,0.2185453242562848,0.5045067233134131,0.27694795243030207
BA2704R,0.49207409018621323,0.2192101272098072,0.28871578260397956
BA2088R,0.22441396293770138,0.4558713165161834,0.31971472054611527
BA2116R,0.2234993460573122,0.46081147704008085,0.31568917690260684
BA2584R,0.4030979658512631,0.24272171564507758,0.3541803185036591
BA3079R,0.2607715935681593,0.40179707064715653,0.33743133578468404
BA2417R,0.3129329967296284,0.363300441359771,0.32376656191060055
BA2361R,0.22834988135420425,0.42755220834747015,0.3440979102983257
BA2450R,0.44462964323724796,0.23140192976932056,0.3239684269934314
BA2492R,0.20757136615537752,0.4770551860729393,0.31537344777168314
BA2552R,0.4529510615377579,0.27413557461562177,0.27291336384662035
BA2472R,0.29918094713712834,0.3914323652403232,0.30938668762254845
BA2994R,0.4158285647216685,0.27287994764378615,0.3112914876345453
BA2047R,0.3699256631629168,0.2778078554865806,0.35226648135050254
BA2101R,0.31281884126029014,0.35263755896592386,0.33454359977378606
BA2082R,0.2926233898756763,0.3813243074952366,0.32605230262908713
BA2879R,0.20372910113632114,0.5068938010857292,0.2893770977779496
BA2577R,0.4597563765114632,0.223509881225202,0.3167337422633347
BA2456R,0.22403352287566602,0.4664646861217673,0.3095017910025667
BA2175R,0.263038599460462,0.4030270256510996,0.3339343748884383
BA2824R,0.4579882386427068,0.22577524164082774,0.3162365197164655
BA2507R,0.38616942834329127,0.3029048165581813,0.3109257550985274
BA2563R,0.4479045913935125,0.24125282124947078,0.31084258735701675
BA2244R,0.3657387984328629,0.24205477400742179,0.39220642755971535
BA2470R,0.3889428335687004,0.27872193742120166,0.332335229010098
BA2984R,0.43931745700030195,0.26714274277377953,0.29353980022591863
BA2414R,0.3873042246864553,0.2581233445063059,0.3545724308072388
BA2697R,0.2638854816206014,0.3315028437847107,0.40461167459468794
BA2079R,0.21847614252702605,0.37990148234269555,0.40162237513027843
BA2999R,0.3590237667596471,0.2776915973138253,0.36328463592652754
BA2644R,0.3004242157910119,0.2986042543172088,0.4009715298917793
BA2011R,0.21365770935255934,0.4678808093117582,0.3184614813356825
BA2217R,0.4944489280846476,0.2074129579665269,0.29813811394882556
BA2454R,0.45214276441144463,0.23082218474898575,0.3170350508395697
BA2776R,0.48482554240029085,0.2175715422775446,0.2976029153221645
BA2218R,0.4322853495773746,0.28696009058545846,0.28075455983716696
BA2135R,0.26223416842691205,0.417391545791206,0.32037428578188204
BA2914R,0.27805791623459397,0.28464884313569727,0.43729324062970887
BA2500R,0.38148001689436833,0.24537901753638383,0.3731409655692478
BA2830R,0.36733346062117683,0.30203761275118524,0.330628926627638
BA2406R,0.2186696161927234,0.38174145122807696,0.3995889325791997
BA3108R,0.49915553785525857,0.21310294752207845,0.28774151462266295
BA2924R,0.2754362454667092,0.3909571550514788,0.3336065994818119
BA2303R,0.2950874507887162,0.2660159185631707,0.43889663064811313
BA2160R,0.5015954517793503,0.21254608700530764,0.2858584612153421
BA2038R,0.23937280314905365,0.4255993129893925,0.3350278838615538
BA2602R,0.22959763024965954,0.44104503598682027,0.3293573337635201
BA2964R,0.24184799296253381,0.40963453919823456,0.34851746783923165
BA2898R,0.289052838902115,0.29758614777528386,0.4133610133226011
BA3003R,0.31021899505737366,0.28882110885567597,0.4009598960869504
BA2111R,0.31632847810704245,0.27813527316314024,0.4055362487298173
BA2827R,0.2632477564812017,0.32734028384698116,0.4094119596718171
BA2912R,0.31927805418857247,0.3029092447413561,0.37781270107007137
BA2437R,0.2800172857446016,0.3120507567146388,0.4079319575407596
BA2283R,0.302596866769549,0.29088619920101794,0.406516934029433
BA2057R,0.2725722830483922,0.3183520179846433,0.40907569896696444
BA2633R,0.3214357756522052,0.28509315093293586,0.393471073414859
BA3034R,0.2906832935621426,0.29262054705739493,0.41669615938046245
BA2607R,0.2696438234976658,0.3013250382423315,0.42903113826000266
BA2761R,0.3028974120154242,0.3059043070206977,0.391198280963878
BA2795R,0.28837183654606097,0.29359668561887375,0.41803147783506517
BA2182R,0.2842673705983912,0.3127593895879092,0.40297323981369965
BA2152R,0.29770067975054665,0.289840968999249,0.4124583512502043
BA2381R,0.3898940005861244,0.2682714189815077,0.3418345804323679
BA2931R,0.2561104919667182,0.3459881936338225,0.39790131439945936
BA2040R,0.2109420722336878,0.44616402710378295,0.3428939006625293
BA2590R,0.3978426940301072,0.2755480634411638,0.3266092425287291
BA3195R,0.4091763186918587,0.2787759997512105,0.31204768155693086
BA2516R,0.36886139055479833,0.24416065580752816,0.38697795363767346
BA2353R,0.38295760238935894,0.25005151779107543,0.36699087981956563
BA3036R,0.45384095535212926,0.2306029600489841,0.3155560845988866
BA2971R,0.20553186077465477,0.4778633973818284,0.3166047418435167
BA3410R,0.21977571767304552,0.4298619484068573,0.3503623339200972
BA3118R,0.24316375090820894,0.4143967448734534,0.3424395042183376
BA3206R,0.43796597970063805,0.2353523450674051,0.3266816752319569
BA3202R,0.22396031617499365,0.4449119609570222,0.3311277228679842
BA3217R,0.4142305770705768,0.27348750774311,0.3122819151863131
BA3405R,0.28775433315137455,0.27621024242598585,0.43603542442263954
BA3306R,0.36780577280665044,0.3486309712311881,0.2835632559621614
BA3371R,0.2787448689687433,0.38683005363358286,0.3344250773976739
BA3413R,0.46652056190768815,0.22314617376815063,0.31033326432416125
BA3411R,0.29830009523577256,0.2738752982649705,0.42782460649925697
BA3133R,0.32292227907585513,0.27685490411402824,0.40022281681011673
BA3164R,0.39729927440748675,0.24364094310781553,0.3590597824846978
BA3451R,0.26622674735461094,0.2718021267951483,0.46197112585024075
BA3286R,0.3851081838795643,0.23228548687316838,0.3826063292472673
BA3212R,0.45835588301297314,0.22873721335408936,0.3129069036329375
BA3103R,0.24983798223404027,0.4489874272240667,0.301174590541893
BA3271R,0.3217485685423079,0.25943738441108205,0.41881404704660996
BA3152R,0.2481327491472667,0.31732588046014704,0.4345413703925862
BA3095R,0.46910688815902124,0.2266877318032598,0.3042053800377189
BA3192R,0.3833314710083309,0.3171392414442981,0.29952928754737085
BA3251R,0.31832581199735394,0.3105515018894545,0.37112268611319155
BA3362R,0.3668419187122259,0.24767703193584265,0.38548104935193156
BA3400R,0.3244406010258243,0.39745646297080994,0.27810293600336566
BA3135R,0.41442012335558204,0.2962089765406242,0.2893709001037937
BA3408R,0.28021809850568563,0.41774090468015723,0.3020409968141572
BA3187R,0.2574361048152308,0.3628353276121237,0.37972856757264545
BA3098R,0.3389596247269526,0.25155979046070714,0.4094805848123401
BA3435R,0.43528517740105727,0.2420027703309279,0.3227120522680148
BA3261R,0.4126249741588527,0.25099467941754006,0.3363803464236072
BA3203R,0.23560200124294398,0.44954448645048545,0.31485351230657066
BA3174R,0.2020536264999909,0.4700546820085124,0.3278916914914967
BA3317R,0.46518478603130986,0.22229356294308508,0.3125216510256051
BA3299R,0.22131467524460688,0.4534025505692578,0.3252827741861352
BA3221R,0.26017112591338265,0.3139205875115198,0.4259082865750975
BA3347R,0.23165869428723052,0.4046337459468156,0.3637075597659539
BA3235R,0.2589205552714227,0.2925804072220822,0.4484990375064951
BA3126R,0.2645304049766413,0.3063490845413304,0.42912051048202826
BA3380R,0.41520178211694553,0.2716520970647496,0.313146120818305
BA3089R,0.503842517634376,0.20224007466164806,0.293917407703976
BA3109R,0.2037986430233751,0.49574313994949437,0.3004582170271306
BA3114R,0.27165515466186707,0.39392107301277074,0.33442377232536213
BA3418R,0.25255277699841433,0.4561701825002782,0.2912770405013074
BA3245R,0.27068398149678047,0.4429281860468639,0.2863878324563556
BA3085R,0.38448784410039494,0.26928493364466716,0.346227222254938
BA3128R,0.38002024469285556,0.31532609397092626,0.3046536613362182
BA3423R,0.45762766066511523,0.2689906264802069,0.27338171285467777
BA3173R,0.33325242637504887,0.3533426728094536,0.31340490081549754
BA3171R,0.3104811628474341,0.29467692353466146,0.3948419136179044
BA3277R,0.29742491355221656,0.4078513428293866,0.29472374361839676
BA3210R,0.20330446858610476,0.49967440560317933,0.297021125810716
BA3157R,0.4611525344047477,0.22350072252340106,0.31534674307185123
BA3433R,0.37226150595845164,0.36146372216723904,0.2662747718743093
BA3322R,0.3458614491701925,0.27639268658063176,0.37774586424917567
BA3374R,0.3955120956498521,0.23225368738426158,0.3722342169658862
BA3450R,0.30725480810177813,0.405772074461215,0.2869731174370068
BA3167R,0.3217254210488044,0.34257929156999384,0.3356952873812017
BA3269R,0.30610741750203013,0.4145914033717686,0.2793011791262013
BA3110R,0.33670549138698913,0.3736580038739904,0.2896365047390204
BA3156R,0.35434354347651276,0.3295777914809325,0.3160786650425548
BA3226R,0.44737138560224543,0.23417887360522652,0.31844974079252797
BA3421R,0.20130833590370004,0.4639752935376251,0.33471637055867487
BA3232R,0.44046851957029437,0.21155092284932317,0.34798055758038254
BA3289R,0.19188018169029145,0.4938133160355322,0.3143065022741762
BA3430R,0.20587256602251175,0.44841812592783514,0.34570930804965305
BA3145R,0.40218980290701667,0.30899520816955206,0.2888149889234313
BA3399R,0.20553000645065814,0.4897251732252951,0.3047448203240468
BA3449R,0.3121607726183473,0.35661927109901287,0.3312199562826398
BA3384R,0.4407131354119172,0.21104538123437547,0.34824148335370747
BA3427R,0.2929722658427546,0.3095817528691067,0.39744598128813863
BA3163R,0.2326704318676686,0.31713812254822094,0.45019144558411045
BA3158R,0.4301987215473339,0.24515046312757882,0.3246508153250872
BA3436R,0.5162138066691598,0.2107639219812942,0.273022271349546
BA3154R,0.3335981072064608,0.3740665011360842,0.292335391657455
BA3162R,0.24242871909075034,0.4249849060083127,0.33258637490093707
BA3352R,0.4024331240820893,0.3076551907611925,0.2899116851567182
BA3084R,0.43300556233765974,0.22173480948628813,0.34525962817605205
BA3149R,0.21525263286051416,0.48066750388636853,0.30407986325311737
BA3169R,0.23007096041874048,0.4309577466351372,0.3389712929461223
BA3180R,0.4170776325508369,0.30512706948889146,0.2777952979602717
BA3255R,0.3555773080842197,0.2602476632851226,0.3841750286306577
BA3438R,0.3980269788390889,0.26668244120079276,0.3352905799601183
BA3345R,0.21199248220406466,0.41106917454929087,0.3769383432466443
BA3403R,0.35722847241873795,0.25435861934018833,0.3884129082410738
BA3431R,0.21049543734440984,0.48123119528701047,0.3082733673685797
BA3181R,0.2712691357530807,0.28856519697836114,0.4401656672685582
BA3341R,0.3474307169879442,0.3766667204560342,0.2759025625560217
BA3191R,0.2615733318314087,0.2962621807062169,0.4421644874623744
BA3197R,0.49676399651176023,0.22045603182960669,0.28277997165863317
BA3448R,0.507670427903191,0.2021298057617895,0.2901997663350194
BA3453R,0.26368735408845,0.440049300863124,0.29626334504842594
BA3406R,0.3990644139507782,0.2600065842074776,0.34092900184174435
BA3308R,0.45786010138234007,0.2287928853362884,0.3133470132813716
BA3186R,0.35121330234024406,0.28664015909161156,0.3621465385681444
BA3334R,0.22556566726257632,0.4639139655320439,0.31052036720537973
