sample_id,subtype_1,subtype_2,subtype_3
22RV1_PROSTATE,0.48226478490414826,0.22296622843839137,0.2947689866574603
2313287_STOMACH,0.34304154582949836,0.3009281913723578,0.3560302627981438
253JBV_URINARY_TRACT,0.29109051246165496,0.310474896349894,0.39843459118845104
253J_URINARY_TRACT,0.26858311589001543,0.3340016079456168,0.39741527616436784
42MGBA_CENTRAL_NERVOUS_SYSTEM,0.31427042184713094,0.32192760204885784,0.36380197610401127
5637_URINARY_TRACT,0.2656640237768545,0.35123720324751306,0.38309877297563255
59M_OVARY,0.23403313916384835,0.37235632939684593,0.3936105314393058
639V_URINARY_TRACT,0.40496297425541644,0.2713452665571026,0.32369175918748094
647V_URINARY_TRACT,0.26334968656784424,0.33712256550943503,0.3995277479227208
697_HAEMATOPOIETIC_AND_LYMPHOID_TISSUE,0.3471192036798903,0.30142751556996145,0.3514532807501483
769P_KIDNEY,0.25839455663294525,0.3485800254565615,0.3930254179104933
786O_KIDNEY,0.29063896710596,0.3476196378920441,0.36174139500199587
8305C_THYROID,0.3007783078383951,0.32725100814746105,0.37197068401414374
8505C_THYROID,0.3248752750087639,0.3206720760013753,0.35445264898986084
8MGBA_CENTRAL_NERVOUS_SYSTEM,0.36312688230039303,0.2901062618231319,0.34676685587647504
A101D_SKIN,0.30690676109297615,0.31734305899275794,0.37575017991426585
A1207_CENTRAL_NERVOUS_SYSTEM,0.3173403592892592,0.3082170468344363,0.3744425938763045
A172_CENTRAL_NERVOUS_SYSTEM,0.3340976073748878,0.3121487170308092,0.35375367559430293
A204_SOFT_TISSUE,0.3703242740154193,0.2696696628499925,0.3600060631345883
A2058_SKIN,0.3729189380702353,0.2840737190825601,0.3430073428472046
A253_SALIVARY_GLAND,0.24340205594836622,0.3643215040153003,0.39227644003633355
A2780_OVARY,0.395036318821527,0.269499915125872,0.335463766052601
A375_SKIN,0.3792901288991129,0.2769827497469322,0.3437271213539549
A3KAW_HAEMATOPOIETIC_AND_LYMPHOID_TISSUE,0.3751635513212073,0.28254751190673516,0.34228893677205746
A427_LUNG,0.33075046297949046,0.29303921754337325,0.3762103194771363
A498_KIDNEY,0.2374314576292319,0.3674627777636335,0.3951057646071346
A4FUK_HAEMATOPOIETIC_AND_LYMPHOID_TISSUE,0.3871110421352641,0.26857111532837474,0.34431784253636105
A549_LUNG,0.2739386526313966,0.3353111440170192,0.3907502033515842
A673_BONE,0.45733208542879666,0.24082657375193287,0.3018413408192706
A704_KIDNEY,0.291146858380189,0.3344075022791452,0.3744456393406657
ABC1_LUNG,0.3236356593228935,0.3080335198225271,0.3683308208545794
ACCMESO1_PLEURA,0.292637266776867,0.31960094850241644,0.38776178472071654
ACHN_KIDNEY,0.2784991149844823,0.3309974032595276,0.39050348175599014
AGS_STOMACH,0.36915565262180366,0.29945038659620876,0.3313939607819876
ALLSIL_HAEMATOPOIETIC_AND_LYMPHOID_TISSUE,0.44092756881063194,0.2490110748749727,0.3100613563143954
AM38_CENTRAL_NERVOUS_SYSTEM,0.3538362304842995,0.28624085472654864,0.3599229147891517
AML193_HAEMATOPOIETIC_AND_LYMPHOID_TISSUE,0.38206630778547035,0.26748558245269205,0.35044810976183755
AMO1_HAEMATOPOIETIC_AND_LYMPHOID_TISSUE,0.297643147887042,0.3264490807633053,0.3759077713496527
AN3CA_ENDOMETRIUM,0.45774746776314856,0.2359789934617818,0.3062735387750697
ASPC1_PANCREAS,0.249455963063276,0.36363402638378406,0.38691001055293994
AU565_BREAST,0.3083649774513657,0.3149949609645746,0.3766400615840596
BC3C_URINARY_TRACT,0.2795194351442643,0.3212463530366445,0.3992342118190911
BCP1_HAEMATOPOIETIC_AND_LYMPHOID_TISSUE,0.3766250761099064,0.27838042472466806,0.34499449916542546
BCPAP_THYROID,0.32945092594084546,0.3195761502285589,0.3509729238305956
BDCM_HAEMATOPOIETIC_AND_LYMPHOID_TISSUE,0.304909044953982,0.3152985025637102,0.37979245248230775
BEN_LUNG,0.3035314217122704,0.3119358891601376,0.38453268912759203
BFTC905_URINARY_TRACT,0.2989254052727173,0.34136321965600325,0.35971137507127937
BFTC909_KIDNEY,0.29078289111798195,0.34698936205692277,0.36222774682509534
BHT101_THYROID,0.2921879375061579,0.34188860745339567,0.3659234550404465
BHY_UPPER_AERODIGESTIVE_TRACT,0.33660529600847355,0.32428703410183946,0.33910766988968694
BICR16_UPPER_AERODIGESTIVE_TRACT,0.23808138270256074,0.37974681178361397,0.38217180551382524
BICR18_UPPER_AERODIGESTIVE_TRACT,0.2579208992951194,0.3473014835618748,0.3947776171430058
BICR22_UPPER_AERODIGESTIVE_TRACT,0.23702533836997447,0.39112707254517176,0.37184758908485377
BICR31_UPPER_AERODIGESTIVE_TRACT,0.24422351833678493,0.3701766452422788,0.38559983642093637
BICR56_UPPER_AERODIGESTIVE_TRACT,0.23431404905408382,0.39659022451120607,0.36909572643471006
BICR6_UPPER_AERODIGESTIVE_TRACT,0.24962921370575622,0.3784308564870916,0.3719399298071522
BL41_HAEMATOPOIETIC_AND_LYMPHOID_TISSUE,0.3526714279141482,0.2993631704554348,0.34796540163041706
BL70_HAEMATOPOIETIC_AND_LYMPHOID_TISSUE,0.3480146040546608,0.3001707593408481,0.3518146366044912
BT12_SOFT_TISSUE,0.305367233319653,0.32497014197698776,0.3696626247033593
BT20_BREAST,0.3671922175752433,0.2896698107171499,0.3431379717076068
BT474_BREAST,0.37266797705319993,0.27485084303933244,0.35248117990746763
BT483_BREAST,0.4024654634803795,0.26491857351372194,0.3326159630058985
BT549_BREAST,0.33834922974108356,0.3105815828729719,0.35106918738594456
BV173_HAEMATOPOIETIC_AND_LYMPHOID_TISSUE,0.3183960801441081,0.3406380036703923,0.34096591618549965
BXPC3_PANCREAS,0.23542546122589694,0.3658262125984368,0.3987483261756662
C2BBE1_LARGE_INTESTINE,0.34522889915232907,0.30274057275483485,0.3520305280928361
C32_SKIN,0.33325167830802,0.3250933323088703,0.34165498938310973
C8166_HAEMATOPOIETIC_AND_LYMPHOID_TISSUE,0.3370511821212634,0.3102808004485949,0.35266801743014176
CA46_HAEMATOPOIETIC_AND_LYMPHOID_TISSUE,0.44321071023739433,0.25280138874892755,0.3039879010136781
CACO2_LARGE_INTESTINE,0.2630056059527147,0.3378906154859926,0.39910377856129275
CADOES1_BONE,0.4169082342334628,0.25671936345727286,0.32637240230926434
CAKI1_KIDNEY,0.2507449447132735,0.3504465455271212,0.3988085097596053
CAKI2_KIDNEY,0.32813766982150877,0.3003398489642862,0.37152248121420506
CAL120_BREAST,0.34429422415291505,0.2835572235947605,0.37214855225232435
CAL12T_LUNG,0.28644391613055437,0.32428962552688806,0.3892664583425575
CAL148_BREAST,0.3652846997097072,0.2728815086916903,0.3618337915986025
CAL27_UPPER_AERODIGESTIVE_TRACT,0.24634463991870995,0.3551710360492179,0.3984843240320722
CAL29_URINARY_TRACT,0.2513743927444877,0.36573097498186136,0.3828946322736509
CAL33_UPPER_AERODIGESTIVE_TRACT,0.2794403766563588,0.35130588863602774,0.3692537347076135
CAL51_BREAST,0.43683643000307765,0.2601706308007394,0.3029929391961829
CAL54_KIDNEY,0.2953504847871077,0.32641152074719587,0.37823799446569634
CAL62_THYROID,0.40911334854495923,0.2599535260650579,0.3309331253899828
CAL78_BONE,0.3775887993297414,0.2977048806518171,0.32470632001844163
CAL851_BREAST,0.2399852174085117,0.37512302664821984,0.3848917559432685
CALU1_LUNG,0.3622009253563506,0.29539285245335656,0.3424062221902929
CALU3_LUNG,0.2615022975016478,0.34900166298552565,0.3894960395128265
CALU6_LUNG,0.307913138285347,0.30282733737642714,0.3892595243382258
CAMA1_BREAST,0.44700463577795985,0.24130071197470668,0.31169465224733356
CAOV3_OVARY,0.2942670717153867,0.31304568714430286,0.3926872411403105
CAOV4_OVARY,0.35952820211284137,0.27458267589471524,0.36588912199244333
CAPAN1_PANCREAS,0.325323443256958,0.29932102460048077,0.3753555321425612
CAPAN2_PANCREAS,0.3152788509003646,0.30742310310023163,0.3772980459994037
CAS1_CENTRAL_NERVOUS_SYSTEM,0.28405020339498893,0.33148719592743947,0.38446260067757165
CCFSTTG1_CENTRAL_NERVOUS_SYSTEM,0.32779113651138775,0.31779481064176,0.3544140528468523
CCK81_LARGE_INTESTINE,0.3741431896365906,0.2699295390319568,0.3559272713314526
CFPAC1_PANCREAS,0.25559400608234933,0.3566818818606886,0.38772411205696206
CH157MN_CENTRAL_NERVOUS_SYSTEM,0.2780313559938685,0.3358297930090779,0.3861388509970536
CHAGOK1_LUNG,0.31737780601606547,0.308747929486981,0.37387426449695355
CHP126_AUTONOMIC_GANGLIA,0.4511782679380813,0.24671985758643367,0.30210187447548503
CHP212_AUTONOMIC_GANGLIA,0.4226269363099179,0.26814113001361745,0.3092319336764646
CI1_HAEMATOPOIETIC_AND_LYMPHOID_TISSUE,0.3469390587498255,0.29672334178329046,0.3563375994668841
CJM_SKIN,0.3253601604784762,0.3403858475427835,0.3342539919787403
CL11_LARGE_INTESTINE,0.28399755670993787,0.3329549804463215,0.38304746284374064
CL14_LARGE_INTESTINE,0.2781228516349132,0.32989055967795705,0.39198658868712966
CL34_LARGE_INTESTINE,0.30521077004200076,0.3022440545718803,0.3925451753861188
CL40_LARGE_INTESTINE,0.23212878209654225,0.37435028277286153,0.3935209351305962
CMK_HAEMATOPOIETIC_AND_LYMPHOID_TISSUE,0.43345163075276044,0.25084475451903226,0.3157036147282073
CMLT1_HAEMATOPOIETIC_AND_LYMPHOID_TISSUE,0.43218307794283534,0.2649805120172717,0.30283641003989303
COLO201_LARGE_INTESTINE,0.34032227266207743,0.30449159359768424,0.35518613374023833
COLO320_LARGE_INTESTINE,0.46116718341726864,0.23127281631015997,0.30756000027257124
COLO668_LUNG,0.4308992223459559,0.25613668398769657,0.31296409366634753
COLO678_LARGE_INTESTINE,0.38365733377741773,0.28090234053628416,0.33544032568629817
COLO679_SKIN,0.33415866508178166,0.294635573192964,0.37120576172525444
COLO680N_OESOPHAGUS,0.36052077270150445,0.3027170771332019,0.33676215016529376
COLO684_ENDOMETRIUM,0.4388438892136641,0.25422388229250287,0.3069322284938331
COLO741_SKIN,0.3403827415580739,0.28575521449220476,0.3738620439497214
COLO783_SKIN,0.37694865429380586,0.2880690471321168,0.3349822985740774
COLO792_SKIN,0.25393386049464284,0.347793340476655,0.3982727990287021
COLO800_SKIN,0.27961354046716347,0.3410859547399376,0.37930050479289895
COLO829_SKIN,0.3197642592132509,0.32048580474709626,0.35974993603965294
CORL105_LUNG,0.27472179602983327,0.32347882898318453,0.4017993749869822
CORL23_LUNG,0.29025775731562625,0.3200394719399291,0.38970277074444465
CORL24_LUNG,0.44865704446068977,0.2564723404313907,0.2948706151079195
CORL279_LUNG,0.4417451277689593,0.256840433625635,0.30141443860540557
CORL311_LUNG,0.47660975506160197,0.23083516218609088,0.2925550827523071
CORL47_LUNG,0.4496419328766322,0.24345665352879525,0.3069014135945726
CORL88_LUNG,0.4733006674685514,0.24049506996364065,0.28620426256780784
CORL95_LUNG,0.3967227760687449,0.284931174910975,0.31834604902028013
COV318_OVARY,0.28157994212706694,0.34029921855145306,0.37812083932148005
COV362_OVARY,0.25069002404610397,0.34898971582583205,0.4003202601280639
COV434_OVARY,0.35614375071560045,0.28909934037837354,0.35475690890602607
COV644_OVARY,0.30540793890016427,0.3141146146344324,0.38047744646540327
CW2_LARGE_INTESTINE,0.30284520163580003,0.2999555065803266,0.3971992917838734
D283MED_CENTRAL_NERVOUS_SYSTEM,0.4319181319525376,0.25551660258146913,0.31256526546599334
D341MED_CENTRAL_NERVOUS_SYSTEM,0.3830972268867438,0.29043429750975336,0.3264684756035029
DANG_PANCREAS,0.2864680008361631,0.31877069702345795,0.3947613021403791
DAOY_CENTRAL_NERVOUS_SYSTEM,0.3818649250341373,0.2895268098189964,0.3286082651468663
DAUDI_HAEMATOPOIETIC_AND_LYMPHOID_TISSUE,0.3589625353288446,0.2934788699710387,0.34755859470011663
DBTRG05MG_CENTRAL_NERVOUS_SYSTEM,0.28216619279286514,0.31842752778841554,0.39940627941871926
DB_HAEMATOPOIETIC_AND_LYMPHOID_TISSUE,0.42504041506343365,0.25314998218597196,0.3218096027505944
DEL_HAEMATOPOIETIC_AND_LYMPHOID_TISSUE,0.29959592023348286,0.33573352431412634,0.36467055545239085
DETROIT562_UPPER_AERODIGESTIVE_TRACT,0.24028656925322134,0.3739401768240196,0.3857732539227591
DKMG_CENTRAL_NERVOUS_SYSTEM,0.3616388648650473,0.3086792952026917,0.32968183993226097
DM3_FIBROBLAST,0.24169342573343605,0.3714275489337154,0.3868790253328486
DMS114_LUNG,0.4719463273510946,0.24067493267073292,0.2873787399781726
DMS153_LUNG,0.4312713071083488,0.26572884265546826,0.30299985023618276
DMS273_LUNG,0.34350227528676824,0.28936277183397485,0.36713495287925685
DMS454_LUNG,0.43200466935962484,0.24272802080063235,0.3252673098397429
DMS53_LUNG,0.4416414537439587,0.25237885713352565,0.3059796891225158
DMS79_LUNG,0.445740894048381,0.2600904488325709,0.2941686571190481
DND41_HAEMATOPOIETIC_AND_LYMPHOID_TISSUE,0.44777250724348533,0.24213725691518756,0.31009023584132706
DOHH2_HAEMATOPOIETIC_AND_LYMPHOID_TISSUE,0.33603874465204936,0.30637077178556266,0.357590483562388
DU145_PROSTATE,0.34249836522957233,0.29455167659058296,0.36294995817984466
DU4475_BREAST,0.3417439010877942,0.28956870506663823,0.36868739384556765
DV90_LUNG,0.3019275884612106,0.3083347602312962,0.3897376513074932
EB1_HAEMATOPOIETIC_AND_LYMPHOID_TISSUE,0.40561780023863503,0.27085851580030684,0.32352368396105813
EBC1_LUNG,0.3644311262629182,0.2866126001058346,0.34895627363124715
ECC10_STOMACH,0.4412786884078518,0.2561944299237245,0.3025268816684238
ECC12_STOMACH,0.45885469458131317,0.24198207249378983,0.299163232924897
ECGI10_OESOPHAGUS,0.27339200594406915,0.3615284697792867,0.36507952427664414
EFE184_ENDOMETRIUM,0.2538301418869352,0.36267899008113835,0.3834908680319264
EFM192A_BREAST,0.32178022974976583,0.2968650393045697,0.38135473094566447
EFM19_BREAST,0.34964580579687543,0.29521473285990835,0.35513946134321617
EFO21_OVARY,0.3870734782567495,0.2998459554349381,0.31308056630831255
EFO27_OVARY,0.32727248243939433,0.29386535095016325,0.3788621666104424
EHEB_HAEMATOPOIETIC_AND_LYMPHOID_TISSUE,0.3096212375063418,0.3201098503952805,0.37026891209837764
EJM_HAEMATOPOIETIC_AND_LYMPHOID_TISSUE,0.32956839160658835,0.2974364436888002,0.3729951647046114
EKVX_LUNG,0.31791241727761727,0.30037434170283234,0.38171324101955034
EM2_HAEMATOPOIETIC_AND_LYMPHOID_TISSUE,0.4029758719897485,0.2590197388614561,0.3380043891487954
EN_ENDOMETRIUM,0.4442785678753528,0.2490796997888793,0.30664173233576786
EOL1_HAEMATOPOIETIC_AND_LYMPHOID_TISSUE,0.36432520101973165,0.2837672282095212,0.3519075707707471
EPLC272H_LUNG,0.2652253527939563,0.3418045034161844,0.39297014378985934
ES2_OVARY,0.26844438374396334,0.3391094310935568,0.39244618516247975
ESS1_ENDOMETRIUM,0.3556453185677962,0.30485110210937905,0.3395035793228249
EW8_BONE,0.37123620255553613,0.27214741452850133,0.3566163829159625
EWS502_BONE,0.4764784739858895,0.2290855356078144,0.29443599040629603
F36P_HAEMATOPOIETIC_AND_LYMPHOID_TISSUE,0.2969010806318221,0.32021104741283,0.3828878719553478
FADU_UPPER_AERODIGESTIVE_TRACT,0.39455794394457566,0.26671429160794435,0.33872776444747993
FTC133_THYROID,0.2927703259026799,0.30961910428717787,0.39761056981014237
FTC238_THYROID,0.3618427414815974,0.2933003212362384,0.34485693728216416
FU97_STOMACH,0.3488291598261008,0.2884881535081057,0.36268268666579345
FUOV1_OVARY,0.3069942131087078,0.32135755600805044,0.3716482308832417
G292CLONEA141B1_BONE,0.340873172951026,0.3230916426882879,0.3360351843606861
G361_SKIN,0.37704303226448277,0.28785661340987423,0.3351003543256429
G401_SOFT_TISSUE,0.45190309302792453,0.24842632816451732,0.2996705788075582
G402_SOFT_TISSUE,0.39202785772863114,0.2710417845131575,0.3369303577582114
GA10_HAEMATOPOIETIC_AND_LYMPHOID_TISSUE,0.370292651879436,0.2899046743950571,0.3398026737255068
GAMG_CENTRAL_NERVOUS_SYSTEM,0.34284898824379745,0.3126084805675228,0.3445425311886798
GB1_CENTRAL_NERVOUS_SYSTEM,0.37534272751937425,0.28658939585652504,0.33806787662410065
GCIY_STOMACH,0.3959667217368468,0.29523039260288775,0.3088028856602655
GCT_SOFT_TISSUE,0.33832265921383325,0.3022404238768039,0.3594369169093629
GDM1_HAEMATOPOIETIC_AND_LYMPHOID_TISSUE,0.4192140313531332,0.2615705563718154,0.3192154122750515
GI1_CENTRAL_NERVOUS_SYSTEM,0.3877276767353771,0.27793269090849,0.33433963235613284
GMS10_CENTRAL_NERVOUS_SYSTEM,0.3587291596064279,0.3104793645516644,0.3307914758419076
GOS3_CENTRAL_NERVOUS_SYSTEM,0.37938011000766014,0.28597780903463615,0.3346420809577037
GP2D_LARGE_INTESTINE,0.38849317571035735,0.26881365331693335,0.3426931709727093
GRANTA519_HAEMATOPOIETIC_AND_LYMPHOID_TISSUE,0.397820948932604,0.2777892471194658,0.32438980394793027
GSS_STOMACH,0.3960884802944098,0.27273904489908757,0.3311724748065026
GSU_STOMACH,0.2709695113489347,0.3483478312139163,0.38068265743714896
H4_CENTRAL_NERVOUS_SYSTEM,0.3511188678408259,0.3048510446482767,0.34403008751089736
HARA_LUNG,0.415796610937898,0.25228078195965303,0.331922607102449
HCC1143_BREAST,0.3566154151854234,0.3124370520479229,0.3309475327666536
HCC1171_LUNG,0.3622944557937521,0.3043723386043822,0.3333332056018657
HCC1187_BREAST,0.37168342880112826,0.29979335331215845,0.3285232178867134
HCC1195_LUNG,0.2518787381232532,0.34585958698381297,0.40226167489293396
HCC1359_LUNG,0.3272787756320114,0.3221180083439283,0.3506032160240602
HCC1395_BREAST,0.3528317886089815,0.3067850643139734,0.3403831470770452
HCC1419_BREAST,0.3750271403053635,0.277435699138286,0.3475371605563505
HCC1428_BREAST,0.38826398054855443,0.27243859439348717,0.3392974250579583
HCC1438_LUNG,0.36909105169642814,0.29416707781901624,0.3367418704845556
HCC1500_BREAST,0.45397639482058244,0.23998252888583194,0.30604107629358557
HCC1569_BREAST,0.3413585916518023,0.3057653522187207,0.3528760561294769
HCC1588_LUNG,0.2503825815027405,0.36558591003709145,0.38403150846016804
HCC1599_BREAST,0.34376786238058826,0.3083593307711958,0.3478728068482159
HCC15_LUNG,0.3563501490591015,0.29444775563556247,0.349202095305336
HCC1806_BREAST,0.26163408831286816,0.35748651803007514,0.3808793936570568
HCC1833_LUNG,0.40493788347162124,0.2675595138238458,0.327502602704533
HCC1937_BREAST,0.36783816925428403,0.2872470717628969,0.3449147589828192
HCC1954_BREAST,0.35162337737370036,0.30509247861594047,0.34328414401035917
HCC202_BREAST,0.39617716904170774,0.2597508885812607,0.34407194237703154
HCC2108_LUNG,0.35200875320701713,0.2969684514269557,0.35102279536602704
HCC2157_BREAST,0.3285867773447229,0.296964495619552,0.3744487270357251
HCC2218_BREAST,0.2746770618204452,0.3485083747921322,0.37681456338742264
HCC2279_LUNG,0.25897380257402863,0.34426652989195544,0.3967596675340159
HCC2429_LUNG,0.4002841255455379,0.2587685589215219,0.3409473155329403
HCC2450_LUNG,0.3543760284976519,0.2805692541440358,0.3650547173583124
HCC2814_LUNG,0.33197275849358454,0.2938606002821401,0.3741666412242753
HCC2935_LUNG,0.3700406576540777,0.29434760217554845,0.3356117401703739
HCC33_LUNG,0.4802977359043926,0.2382460429314272,0.2814562211641801
HCC364_LUNG,0.2850774785290838,0.3198257955615383,0.39509672590937794
HCC366_LUNG,0.36022794275865055,0.30561023120999314,0.3341618260313563
HCC38_BREAST,0.3834801381325289,0.2986099237431938,0.31790993812427726
HCC4006_LUNG,0.34251762019384774,0.3122998087023498,0.3451825711038024
HCC44_LUNG,0.23480859130507428,0.3970674678669876,0.3681239408279382
HCC461_LUNG,0.31690080382554153,0.3053927099647699,0.3777064862096886
HCC515_LUNG,0.2976941259857294,0.3076375868533596,0.39466828716091096
HCC56_LARGE_INTESTINE,0.2958185073867976,0.3169807766405262,0.38720071597267625
HCC70_BREAST,0.32316385794086383,0.3168451420018361,0.3599910000573001
HCC78_LUNG,0.2967228915859671,0.31822235883579497,0.3850547495782379
HCC827GR5_LUNG,0.27993129426228186,0.32215891872740926,0.3979097870103089
HCC827_LUNG,0.29505308762856347,0.327484079849673,0.3774628325217636
HCC95_LUNG,0.3052851901515984,0.2981363961414665,0.39657841370693514
HCT116_LARGE_INTESTINE,0.3647667732109176,0.29458544557938127,0.3406477812097011
HCT15_LARGE_INTESTINE,0.384583081149159,0.27070014428987926,0.3447167745609616
HDLM2_HAEMATOPOIETIC_AND_LYMPHOID_TISSUE,0.3466533195585153,0.2926672210188228,0.36067945942266183
HDMYZ_HAEMATOPOIETIC_AND_LYMPHOID_TISSUE,0.3442793166803593,0.2926342085588043,0.36308647476083644
HDQP1_BREAST,0.2557914641797593,0.35572981378721985,0.3884787220330208
HEC108_ENDOMETRIUM,0.4019822747412594,0.2827482036384432,0.3152695216202975
HEC151_ENDOMETRIUM,0.29394507245193097,0.32997282741525985,0.3760821001328092
HEC1A_ENDOMETRIUM,0.37796283594250035,0.27660124509148515,0.34543591896601444
HEC1B_ENDOMETRIUM,0.32773856411025254,0.3007229368838951,0.3715384990058524
HEC251_ENDOMETRIUM,0.3445749807435416,0.290804993048154,0.36462002620830447
HEC265_ENDOMETRIUM,0.31674877093326,0.317495718348727,0.36575551071801304
HEC50B_ENDOMETRIUM,0.28660048606727295,0.33475152127733326,0.37864799265539384
HEC59_ENDOMETRIUM,0.4232211707618626,0.26889880186092024,0.30788002737721715
HEC6_ENDOMETRIUM,0.37988797877969993,0.30054868211963526,0.3195633391006648
HEKTE_KIDNEY,0.28694340201726193,0.3181950978667343,0.39486150011600385
HEL9217_HAEMATOPOIETIC_AND_LYMPHOID_TISSUE,0.4269575436917035,0.2585787619410553,0.3144636943672411
HELA_CERVIX,0.28617777063714156,0.3233634476381307,0.3904587817247278
HEL_HAEMATOPOIETIC_AND_LYMPHOID_TISSUE,0.41294419194281895,0.259960270178997,0.3270955378781841
HEP3B217_LIVER,0.3498150768871229,0.30879679537804117,0.34138812773483596
HEPG2_LIVER,0.2739295973936874,0.34500577206133376,0.38106463054497897
HEYA8_OVARY,0.2791961408990426,0.3390909938549024,0.3817128652460549
HGC27_STOMACH,0.3570365224304746,0.28019261295646625,0.36277086461305913
HH_HAEMATOPOIETIC_AND_LYMPHOID_TISSUE,0.34611717191551344,0.2969958439555768,0.35688698412890973
HL60_HAEMATOPOIETIC_AND_LYMPHOID_TISSUE,0.30014902494533174,0.3343114422965958,0.36553953275807244
HLFA_FIBROBLAST,0.25513716524784097,0.363343223454624,0.381519611297535
HLF_LIVER,0.3464045570049219,0.29710113790761544,0.35649430508746266
HMC18_BREAST,0.30347409822334614,0.33457141349290775,0.3619544882837461
HMCB_SKIN,0.39193936987070316,0.284781993795976,0.3232786363333209
HMEL_BREAST,0.3374760186226816,0.3176858718794479,0.34483810949787047
HNT34_HAEMATOPOIETIC_AND_LYMPHOID_TISSUE,0.3590658201664421,0.2865192177298449,0.35441496210371304
HOP62_LUNG,0.3348913669665959,0.30013626673218247,0.36497236630122165
HOP92_LUNG,0.24344358800343338,0.3508954750423197,0.40566093695424693
HOS_BONE,0.3588496801224647,0.3018838998554595,0.3392664200220758
HPAC_PANCREAS,0.294983144665559,0.3389473200258239,0.3660695353086171
HPAFII_PANCREAS,0.24120745716175376,0.3634998674224489,0.39529267541579743
HPBALL_HAEMATOPOIETIC_AND_LYMPHOID_TISSUE,0.4215193851103445,0.25991690890899677,0.3185637059806587
HS172T_FIBROBLAST,0.3300291070688798,0.31580067255773525,0.354170220373385
HS229T_FIBROBLAST,0.3094687972004428,0.321133632827774,0.3693975699717832
HS255T_FIBROBLAST,0.2611034543941925,0.36925705347511073,0.3696394921306967
HS274T_FIBROBLAST,0.2982777019462937,0.33829705012672673,0.3634252479269795
HS281T_FIBROBLAST,0.27462998086661805,0.351449360789941,0.373920658343441
HS294T_SKIN,0.35389334454073945,0.2944883618948586,0.351618293564402
HS343T_FIBROBLAST,0.2718033737573532,0.35137224415841756,0.37682438208422925
HS578T_BREAST,0.26111846747016576,0.3832594937728434,0.3556220387569909
HS600T_FIBROBLAST,0.2675179466106814,0.36004751913349586,0.37243453425582274
HS606T_FIBROBLAST,0.2756101274633367,0.3532218311722612,0.3711680413644021
HS611T_HAEMATOPOIETIC_AND_LYMPHOID_TISSUE,0.3805064358825653,0.2763996944354482,0.34309386968198663
HS616T_FIBROBLAST,0.2744165970326023,0.3600205145729011,0.3655628883944967
HS618T_FIBROBLAST,0.27764243952518264,0.3412802370928584,0.3810773233819591
HS675T_FIBROBLAST,0.2781669663049076,0.341937555675326,0.3798954780197664
HS683_CENTRAL_NERVOUS_SYSTEM,0.355086734472027,0.3041827615382216,0.34073050398975135
HS688AT_FIBROBLAST,0.26305994841046565,0.3625062648125699,0.3744337867769645
HS695T_SKIN,0.3195643804881512,0.3136603748764689,0.36677524463537986
HS698T_FIBROBLAST,0.27001025273606916,0.35701272873904794,0.37297701852488296
HS706T_BONE,0.34413130970506206,0.3117146991460784,0.34415399114885953
HS729_SOFT_TISSUE,0.3750494239740256,0.30273720614237437,0.3222133698836001
HS737T_FIBROBLAST,0.25962655198246626,0.36667751105172164,0.37369593696581205
HS739T_FIBROBLAST,0.2960960418390319,0.34383798929535314,0.360065968865615
HS742T_FIBROBLAST,0.23612305204285564,0.3906044023838675,0.37327254557327677
HS746T_STOMACH,0.3787757584993369,0.29922328516393276,0.3220009563367302
HS751T_FIBROBLAST,0.29824055197995153,0.3443743215742163,0.3573851264458321
HS766T_PANCREAS,0.3199648412682529,0.3067398622172802,0.37329529651446686
HS819T_FIBROBLAST,0.2573499819894797,0.3667182513508181,0.37593176665970224
HS821T_FIBROBLAST,0.25867260612055665,0.3707745895443099,0.3705528043351334
HS822T_FIBROBLAST,0.2453258522862631,0.3839145601185523,0.37075958759518474
HS834T_FIBROBLAST,0.25311837863742803,0.36624621453214895,0.3806354068304231
HS839T_FIBROBLAST,0.2926054642991542,0.3373496377926607,0.37004489790818523
HS840T_FIBROBLAST,0.28331740594276444,0.34152400528709226,0.37515858877014335
HS852T_SKIN,0.32161986294119344,0.31473662706994215,0.36364350998886436
HS863T_FIBROBLAST,0.28705490081028856,0.3386121056634,0.3743329935263115
HS870T_FIBROBLAST,0.2945661862651563,0.3335519284910897,0.3718818852437539
HS888T_FIBROBLAST,0.2961984193055874,0.34791069389076396,0.3558908868036486
HS895T_FIBROBLAST,0.2672256845886997,0.34991567825884684,0.3828586371524534
HS934T_FIBROBLAST,0.29363219487046305,0.34024537915626896,0.366122425973268
HS936T_SKIN,0.31045717088141217,0.3074063975302611,0.3821364315883267
HS939T_SKIN,0.35777096171262884,0.29973913181756695,0.34248990646980426
HS940T_FIBROBLAST,0.2690746955995833,0.3582687553147646,0.37265654908565216
HS944T_SKIN,0.302728308154431,0.3268751866752331,0.370396505170336
HSC2_UPPER_AERODIGESTIVE_TRACT,0.25667356087668,0.36670808909612224,0.3766183500271978
HSC3_UPPER_AERODIGESTIVE_TRACT,0.2667508559017438,0.35628727579333336,0.37696186830492284
HSC4_UPPER_AERODIGESTIVE_TRACT,0.31213759600597085,0.3119465944583026,0.37591580953572656
HT1080_SOFT_TISSUE,0.3089599764609126,0.3308127944153608,0.3602272291237265
HT115_LARGE_INTESTINE,0.26269636647029065,0.34552857646970847,0.3917750570600009
HT1197_URINARY_TRACT,0.25292321740769164,0.3550398913771482,0.3920368912151603
HT1376_URINARY_TRACT,0.3538891733587469,0.2945944051249178,0.3515164215163352
HT144_SKIN,0.3417400791764739,0.30362891807402476,0.3546310027495013
HT29_LARGE_INTESTINE,0.3115653550807455,0.3025811737185343,0.38585347120072017
HT55_LARGE_INTESTINE,0.26990498792108275,0.33587627811803417,0.394218733960883
HT_HAEMATOPOIETIC_AND_LYMPHOID_TISSUE,0.43597773710153986,0.2504839116138846,0.3135383512845754
HUCCT1_BILIARY_TRACT,0.2539133260527658,0.36395613907542623,0.3821305348718079
HUG1N_STOMACH,0.3111389829863432,0.31194989618557467,0.3769111208280821
HUH1_LIVER,0.2805076447025018,0.3381067805622921,0.3813855747352061
HUH28_BILIARY_TRACT,0.2499426695481267,0.36364613870097257,0.38641119175090066
HUH6_LIVER,0.2779331273090473,0.34190660252857763,0.3801602701623751
HUH7_LIVER,0.30075615630458014,0.3206269690864026,0.3786168746090172
HUNS1_HAEMATOPOIETIC_AND_LYMPHOID_TISSUE,0.3449409367074999,0.2992011204100007,0.3558579428824994
HUPT3_PANCREAS,0.2737246354971298,0.3211147174326365,0.4051606470702338
HUPT4_PANCREAS,0.26477189499219733,0.3411572008308283,0.39407090417697427
HUT102_HAEMATOPOIETIC_AND_LYMPHOID_TISSUE,0.3224793688671194,0.3166972654019336,0.360823365730947
HUT78_HAEMATOPOIETIC_AND_LYMPHOID_TISSUE,0.43542609172980107,0.2531331429653691,0.3114407653048299
HUTU80_SMALL_INTESTINE,0.4568806458641431,0.24309039580861305,0.30002895832724386
IALM_LUNG,0.33565420059853757,0.30815474407467086,0.35619105532679163
IGR1_SKIN,0.34863325902482384,0.28455794890267905,0.3668087920724972
IGR37_SKIN,0.38109421281426964,0.27225967236108883,0.3466461148246414
IGR39_SKIN,0.3394302163495282,0.30269388801631064,0.3578758956341611
IGROV1_OVARY,0.31928141149234684,0.30975698660370377,0.37096160190394933
IM95_STOMACH,0.29447560300011294,0.3130536369998319,0.39247076000005515
IMR32_AUTONOMIC_GANGLIA,0.43391707074105507,0.2569938263914408,0.3090891028675042
INA6_HAEMATOPOIETIC_AND_LYMPHOID_TISSUE,0.34313472477394547,0.2977339819920684,0.3591312932339861
IOMMLEE_CENTRAL_NERVOUS_SYSTEM,0.3245209401171319,0.2967660622138457,0.37871299766902244
IPC298_SKIN,0.3089922212616941,0.2956765641048175,0.3953312146334883
ISHIKAWAHERAKLIO02ER_ENDOMETRIUM,0.40962661599237515,0.2566796195547582,0.3336937644528667
ISTMES1_PLEURA,0.29029689121447544,0.3344052790320648,0.3752978297534598
ISTMES2_PLEURA,0.34569610183891764,0.30354260647575915,0.3507612916853232
J82_URINARY_TRACT,0.33947825786333224,0.30474841102453504,0.3557733311121327
JEKO1_HAEMATOPOIETIC_AND_LYMPHOID_TISSUE,0.3241477719385747,0.307106413329494,0.3687458147319313
JHESOAD1_OESOPHAGUS,0.256059707240273,0.341223341484726,0.4027169512750009
JHH1_LIVER,0.2811874514251237,0.3247689563384589,0.3940435922364175
JHH2_LIVER,0.25418761588164995,0.3658724984422859,0.3799398856760641
JHH4_LIVER,0.305362339057864,0.30111434896405237,0.3935233119780836
JHH5_LIVER,0.32551646151650443,0.2955532682856736,0.37893027019782205
JHH6_LIVER,0.2925284180703402,0.330737103161358,0.37673447876830174
JHH7_LIVER,0.3721927642153352,0.2827201646502602,0.34508707113440457
JHOC5_OVARY,0.28378913715377657,0.34605481764736495,0.37015604519885853
JHOM1_OVARY,0.3018572041830666,0.3408441537982059,0.35729864201872763
JHOM2B_OVARY,0.36234412702812546,0.3014056320940214,0.33625024087785316
JHOS2_OVARY,0.2963201929535079,0.31604070976635545,0.3876390972801366
JHOS4_OVARY,0.3507078631688522,0.2913934750816301,0.3578986617495176
JHUEM1_ENDOMETRIUM,0.3221391860927726,0.29754541843663146,0.38031539547059606
JHUEM2_ENDOMETRIUM,0.40997696365245345,0.2744253975917699,0.3155976387557767
JHUEM3_ENDOMETRIUM,0.32574308851333245,0.334602324522499,0.33965458696416856
JHUEM7_ENDOMETRIUM,0.24090714290163237,0.3817662992074537,0.3773265578909139
JIMT1_BREAST,0.275197786821973,0.332829901557443,0.39197231162058394
JJN3_HAEMATOPOIETIC_AND_LYMPHOID_TISSUE,0.37051136492910913,0.2789452159151811,0.35054341915570986
JK1_HAEMATOPOIETIC_AND_LYMPHOID_TISSUE,0.2970331758243762,0.34395857321294676,0.359008250962677
JL1_PLEURA,0.24180124776130063,0.3797420039552913,0.3784567482834081
JM1_HAEMATOPOIETIC_AND_LYMPHOID_TISSUE,0.4282087606303716,0.26138686491045193,0.31040437445917657
JMSU1_URINARY_TRACT,0.33223912218886076,0.32192893867554556,0.3458319391355937
JURKAT_HAEMATOPOIETIC_AND_LYMPHOID_TISSUE,0.4646869177454667,0.23972781921734446,0.2955852630371888
JURLMK1_HAEMATOPOIETIC_AND_LYMPHOID_TISSUE,0.3880508403012698,0.29042764375564095,0.3215215159430892
JVM2_HAEMATOPOIETIC_AND_LYMPHOID_TISSUE,0.3070581278978047,0.327158744064046,0.3657831280381494
JVM3_HAEMATOPOIETIC_AND_LYMPHOID_TISSUE,0.3109506589581156,0.3239147152151933,0.36513462582669115
K029AX_SKIN,0.31949553132380015,0.29991462739669494,0.38058984127950496
K562_HAEMATOPOIETIC_AND_LYMPHOID_TISSUE,0.4104029666322685,0.25943177701738773,0.3301652563503438
KALS1_CENTRAL_NERVOUS_SYSTEM,0.3483965602491591,0.32118161098508574,0.33042182876575504
KARPAS299_HAEMATOPOIETIC_AND_LYMPHOID_TISSUE,0.2875730489334271,0.33908050314372945,0.37334644792284344
KARPAS422_HAEMATOPOIETIC_AND_LYMPHOID_TISSUE,0.471076732457587,0.2349956132758751,0.29392765426653794
KARPAS620_HAEMATOPOIETIC_AND_LYMPHOID_TISSUE,0.33933213146282964,0.29901089139856696,0.3616569771386034
KASUMI1_HAEMATOPOIETIC_AND_LYMPHOID_TISSUE,0.37385410557518384,0.28125962448494246,0.3448862699398738
KASUMI2_HAEMATOPOIETIC_AND_LYMPHOID_TISSUE,0.4304723043948011,0.25882000018819107,0.3107076954170079
KASUMI6_HAEMATOPOIETIC_AND_LYMPHOID_TISSUE,0.43899030910699444,0.2408129370779121,0.3201967538150934
KATOIII_STOMACH,0.25914595436665305,0.35955616327747875,0.38129788235586826
KCL22_HAEMATOPOIETIC_AND_LYMPHOID_TISSUE,0.38973586502324153,0.27607260111230947,0.33419153386444905
KD_SOFT_TISSUE,0.385341936867261,0.27233029680905724,0.3423277663236817
KE37_HAEMATOPOIETIC_AND_LYMPHOID_TISSUE,0.4489290344929686,0.24773677390003285,0.3033341916069986
KE39_STOMACH,0.29184810566201813,0.32455992418899055,0.38359197014899127
KE97_HAEMATOPOIETIC_AND_LYMPHOID_TISSUE,0.31404394688522225,0.3143461940592313,0.37160985905554644
KELLY_AUTONOMIC_GANGLIA,0.41580219908261457,0.2683617443579553,0.3158360565594301
KG1C_CENTRAL_NERVOUS_SYSTEM,0.34321057768146623,0.31056174765743944,0.3462276746610943
KG1_HAEMATOPOIETIC_AND_LYMPHOID_TISSUE,0.4483352532502041,0.2482939763595588,0.3033707703902372
KHM1B_HAEMATOPOIETIC_AND_LYMPHOID_TISSUE,0.31325410949202004,0.3260432688468143,0.36070262166116573
KIJK_HAEMATOPOIETIC_AND_LYMPHOID_TISSUE,0.26735426262729645,0.3624371178144128,0.3702086195582907
KLE_ENDOMETRIUM,0.2648351660042816,0.3391777700180951,0.39598706397762334
KM12_LARGE_INTESTINE,0.3375624876822247,0.2993485839281953,0.36308892838957996
KMBC2_URINARY_TRACT,0.3714882723313487,0.2996849093590455,0.32882681830960575
KMH2_HAEMATOPOIETIC_AND_LYMPHOID_TISSUE,0.2815193476552876,0.3489278659042108,0.36955278644050166
KMM1_HAEMATOPOIETIC_AND_LYMPHOID_TISSUE,0.4411387698603547,0.2504427719111723,0.3084184582284729
KMRC1_KIDNEY,0.25246565557191825,0.36207640789698203,0.3854579365310998
KMRC20_KIDNEY,0.33629530769742755,0.29660794192640055,0.36709675037617195
KMRC2_KIDNEY,0.25651382087923164,0.35783028712879006,0.38565589199197836
KMRC3_KIDNEY,0.3408966811654161,0.3171176567213965,0.3419856621131875
KMS11_HAEMATOPOIETIC_AND_LYMPHOID_TISSUE,0.3784713693508192,0.2822302108993713,0.33929841974980957
KMS12BM_HAEMATOPOIETIC_AND_LYMPHOID_TISSUE,0.392447799545655,0.26367072085839266,0.34388147959595233
KMS18_HAEMATOPOIETIC_AND_LYMPHOID_TISSUE,0.2874186331251629,0.3433835094146805,0.3691978574601565
KMS20_HAEMATOPOIETIC_AND_LYMPHOID_TISSUE,0.4275028048335695,0.25874600773295897,0.3137511874334715
KMS21BM_HAEMATOPOIETIC_AND_LYMPHOID_TISSUE,0.30040358441146064,0.32908095755810723,0.37051545803043207
KMS26_HAEMATOPOIETIC_AND_LYMPHOID_TISSUE,0.3793015788290225,0.28384287873401254,0.336855542436965
KMS27_HAEMATOPOIETIC_AND_LYMPHOID_TISSUE,0.305053522290563,0.3275149416240591,0.3674315360853779
KMS28BM_HAEMATOPOIETIC_AND_LYMPHOID_TISSUE,0.37420373202943896,0.274068057262425,0.351728210708136
KMS34_HAEMATOPOIETIC_AND_LYMPHOID_TISSUE,0.350918352295632,0.2894010304612818,0.3596806172430862
KNS42_CENTRAL_NERVOUS_SYSTEM,0.41420001397467926,0.271163897732434,0.3146360882928868
KNS60_CENTRAL_NERVOUS_SYSTEM,0.3569798986379663,0.299676799516612,0.3433433018454217
KNS62_LUNG,0.2462900977611613,0.3739040282110351,0.3798058740278036
KNS81_CENTRAL_NERVOUS_SYSTEM,0.3652035098034231,0.30194900913665745,0.33284748105991946
KO52_HAEMATOPOIETIC_AND_LYMPHOID_TISSUE,0.42521534708266606,0.2520010058985778,0.322783647018756
KOPN8_HAEMATOPOIETIC_AND_LYMPHOID_TISSUE,0.31495890706605245,0.3069595710386393,0.3780815218953082
KP2_PANCREAS,0.311696351339554,0.2936042528300629,0.39469939583038305
KP3_PANCREAS,0.3284405993549035,0.29175761360831937,0.37980178703677714
KP4_PANCREAS,0.3941824817514402,0.272507415801465,0.3333101024470948
KPL1_BREAST,0.3466885886391244,0.2913109725235693,0.36200043883730637
KPMRTRY_SOFT_TISSUE,0.41066576912264796,0.2715662128346669,0.3177680180426851
KPNRTBM1_AUTONOMIC_GANGLIA,0.4756339626458655,0.24358888892801747,0.28077714842611695
KPNSI9S_AUTONOMIC_GANGLIA,0.34706327050095154,0.29158851397263813,0.3613482155264104
KPNYN_AUTONOMIC_GANGLIA,0.46032391104791853,0.24765042180554556,0.29202566714653583
KS1_CENTRAL_NERVOUS_SYSTEM,0.3301250683946277,0.30826708984423834,0.36160784176113403
KU1919_URINARY_TRACT,0.2852924428297306,0.32352699864192247,0.391180558528347
KU812_HAEMATOPOIETIC_AND_LYMPHOID_TISSUE,0.4399677088645353,0.2480288082483696,0.31200348288709523
KURAMOCHI_OVARY,0.31627880499557504,0.3158987520760004,0.3678224429284246
KYM1_SOFT_TISSUE,0.4535005279840199,0.24023945002051905,0.30626002199546093
KYO1_HAEMATOPOIETIC_AND_LYMPHOID_TISSUE,0.3026874630819462,0.32087710485431165,0.37643543206374214
KYSE140_OESOPHAGUS,0.2896318898111359,0.3279483720510775,0.3824197381377865
KYSE150_OESOPHAGUS,0.31882229591748684,0.3110151891867123,0.37016251489580093
KYSE180_OESOPHAGUS,0.29365780464704366,0.33328701668359006,0.3730551786693662
KYSE270_OESOPHAGUS,0.2544821605557779,0.3614767300092148,0.38404110943500736
KYSE30_OESOPHAGUS,0.29666355733343835,0.3320750173741404,0.37126142529242134
KYSE410_OESOPHAGUS,0.28003236678178467,0.3389011982275086,0.38106643499070675
KYSE450_OESOPHAGUS,0.38868097554969133,0.2784914260727501,0.33282759837755854
KYSE510_OESOPHAGUS,0.26119648249181426,0.33819937218369833,0.40060414532448746
KYSE520_OESOPHAGUS,0.29018067888354254,0.3087487489458077,0.4010705721706498
KYSE70_OESOPHAGUS,0.27774888147406934,0.3431467003277514,0.37910441819817936
L1236_HAEMATOPOIETIC_AND_LYMPHOID_TISSUE,0.3614099879119529,0.2830166624750412,0.35557334961300585
L33_PANCREAS,0.32003467218010556,0.2936211577094966,0.38634417011039773
L363_HAEMATOPOIETIC_AND_LYMPHOID_TISSUE,0.44249691224296706,0.2552576561321366,0.3022454316248963
L428_HAEMATOPOIETIC_AND_LYMPHOID_TISSUE,0.2985587638454274,0.32847104797586846,0.37297018817870414
L540_HAEMATOPOIETIC_AND_LYMPHOID_TISSUE,0.29151398826209995,0.34059467622273654,0.3678913355151635
LAMA84_HAEMATOPOIETIC_AND_LYMPHOID_TISSUE,0.31511888476522654,0.325940288124451,0.3589408271103225
LC1F_LUNG,0.34142395376860746,0.29484596528050955,0.363730080950883
LCLC103H_LUNG,0.3081672938673871,0.32661427355413375,0.365218432578479
LCLC97TM1_LUNG,0.3112871595052845,0.31530366234679025,0.3734091781479252
LI7_LIVER,0.30601587497081184,0.3134790450568756,0.3805050799723125
LK2_LUNG,0.3661419222586311,0.27892896728035577,0.3549291104610131
LMSU_STOMACH,0.2960378149147114,0.3384011667710899,0.3655610183141988
LN18_CENTRAL_NERVOUS_SYSTEM,0.39907288504912236,0.274978285978768,0.3259488289721096
LN215_CENTRAL_NERVOUS_SYSTEM,0.3901212035961238,0.2804432876672108,0.3294355087366654
LN229_CENTRAL_NERVOUS_SYSTEM,0.3858081531865879,0.28383453332208786,0.3303573134913242
LN235_CENTRAL_NERVOUS_SYSTEM,0.3639395437652147,0.29122424375197403,0.3448362124828113
LN319_CENTRAL_NERVOUS_SYSTEM,0.40742414957667694,0.27100856532391265,0.32156728509941046
LN340_CENTRAL_NERVOUS_SYSTEM,0.38667263122978857,0.27760839627381523,0.33571897249639615
LN382_CENTRAL_NERVOUS_SYSTEM,0.3470101881470353,0.2918175730457433,0.3611722388072213
LN428_CENTRAL_NERVOUS_SYSTEM,0.3006700664209195,0.3178190962737801,0.3815108373053004
LN443_CENTRAL_NERVOUS_SYSTEM,0.38551323780724667,0.2909413368387971,0.32354542535395625
LN464_CENTRAL_NERVOUS_SYSTEM,0.3222076683737684,0.2932297014337187,0.3845626301925128
LNCAPCLONEFGC_PROSTATE,0.44091510703741876,0.24119169921855516,0.31789319374402614
LNZ308_CENTRAL_NERVOUS_SYSTEM,0.3635033435548348,0.2777832722602004,0.3587133841849648
LOUCY_HAEMATOPOIETIC_AND_LYMPHOID_TISSUE,0.4301689741218919,0.26777271036510625,0.30205831551300194
LOUNH91_LUNG,0.3697525778798925,0.28321591976188487,0.3470315023582225
LOVO_LARGE_INTESTINE,0.28903105699958725,0.3194477410106234,0.39152120198978935
LOXIMVI_SKIN,0.26863658254005923,0.3582007594977811,0.37316265796215975
LP1_HAEMATOPOIETIC_AND_LYMPHOID_TISSUE,0.41324927255630706,0.26513629802466665,0.32161442941902635
LS1034_LARGE_INTESTINE,0.3140917968644974,0.30384406955028126,0.38206413358522134
LS123_LARGE_INTESTINE,0.2512909210417399,0.3618092585519679,0.38689982040629217
LS180_LARGE_INTESTINE,0.32735323653072157,0.2878317974994295,0.384814965969849
LS411N_LARGE_INTESTINE,0.3201785843877945,0.2957373790351114,0.38408403657709417
LS513_LARGE_INTESTINE,0.2884090030465096,0.31666712214468967,0.39492387480880065
LU65_LUNG,0.30131960132844654,0.3221807521722595,0.37649964649929396
LU99_LUNG,0.32938490216141286,0.31318065042143955,0.35743444741714764
LUDLU1_LUNG,0.29793386880388123,0.30899699383007506,0.3930691373660437
LXF289_LUNG,0.36054218730929444,0.31358474545818577,0.32587306723251985
M059K_CENTRAL_NERVOUS_SYSTEM,0.3483083851036407,0.3020948990870043,0.3495967158093549
M07E_HAEMATOPOIETIC_AND_LYMPHOID_TISSUE,0.4167219596442267,0.258822304293337,0.32445573606243633
MALME3M_SKIN,0.29989514326544453,0.31929074611696784,0.3808141106175876
MC116_HAEMATOPOIETIC_AND_LYMPHOID_TISSUE,0.34336347212965973,0.29896787070850644,0.3576686571618339
MCAS_OVARY,0.2445378458832509,0.36718410035571697,0.3882780537610322
MCF7_BREAST,0.3336314383160511,0.29684597595517254,0.36952258572877633
MDAMB134VI_BREAST,0.4631174648904195,0.23420961771297144,0.30267291739660906
MDAMB157_BREAST,0.39397875591240333,0.27134429176667507,0.3346769523209215
MDAMB175VII_BREAST,0.2933753123586531,0.32302963763406595,0.3835950500072809
MDAMB231_BREAST,0.28536885479579965,0.3375368538348533,0.3770942913693471
MDAMB361_BREAST,0.38543009049415794,0.28678257158193854,0.3277873379239035
MDAMB415_BREAST,0.2998988506644227,0.32755739760520697,0.37254375173037024
MDAMB435S_SKIN,0.4026681109617799,0.25224345801095005,0.34508843102727005
